16
0.100000
0.050000
0.090000
0.050000
0.040000
0.090000
0.050000
0.040000
0.100000
0.075000
0.050000
0.050000
0.100000
0.075000
0.050000
0.050000
24
0 1
1 2
1 5
1 8
1 12
2 5
2 8
2 12
5 8
5 12
8 9
8 13
12 9
12 13
8 12
9 13
2 3
3 4
5 6
6 7
9 10
10 11
13 14
14 15
-0.199862 -0.216045 1.411548  -0.258636 -0.244296 1.218373  -0.309785 -0.152420 1.169032  -0.324363 -0.056542 0.966301  -0.312039 0.001771 0.620952  -0.267195 -0.395976 1.163171  -0.238130 -0.495278 0.932440  -0.213275 -0.565914 0.634377  -0.286609 -0.350018 0.765444  -0.262380 -0.346858 0.564559  -0.325057 -0.411910 0.270715  -0.395311 -0.431863 0.082340  -0.278905 -0.201065 0.764215  -0.309670 -0.202630 0.563075  -0.384965 -0.171592 0.270354  -0.433152 -0.207470 0.077355  
-0.201646 -0.217079 1.402978  -0.262638 -0.243117 1.209811  -0.316574 -0.152620 1.161049  -0.332926 -0.057982 0.956624  -0.308527 -0.001678 0.609239  -0.264091 -0.394322 1.152877  -0.247087 -0.483613 0.916756  -0.209824 -0.568760 0.623896  -0.283250 -0.346869 0.755810  -0.272104 -0.345804 0.553494  -0.327508 -0.406999 0.257300  -0.401150 -0.435983 0.071387  -0.287380 -0.198281 0.756006  -0.311504 -0.199306 0.554270  -0.384948 -0.174868 0.260679  -0.431069 -0.205701 0.066342  
-0.204062 -0.219210 1.405430  -0.259758 -0.241025 1.209776  -0.311026 -0.150429 1.159310  -0.350299 -0.045944 0.962908  -0.317038 0.009220 0.611666  -0.262143 -0.392802 1.153729  -0.252962 -0.489524 0.919846  -0.209794 -0.563806 0.624537  -0.287048 -0.347635 0.756572  -0.274245 -0.345898 0.554074  -0.320698 -0.418069 0.258673  -0.401896 -0.428089 0.073906  -0.279988 -0.198992 0.754756  -0.315628 -0.199847 0.554622  -0.382485 -0.171159 0.259748  -0.435564 -0.201720 0.067140  
-0.203686 -0.219209 1.403498  -0.257172 -0.245952 1.208245  -0.309995 -0.154905 1.159858  -0.345229 -0.047671 0.964228  -0.318856 0.013052 0.613326  -0.260976 -0.397121 1.151067  -0.261897 -0.492210 0.916801  -0.205483 -0.565439 0.622819  -0.285470 -0.348872 0.754490  -0.273421 -0.346025 0.552347  -0.326312 -0.415350 0.257481  -0.400135 -0.424586 0.069628  -0.284249 -0.199909 0.754677  -0.315064 -0.200133 0.553893  -0.384681 -0.173919 0.259513  -0.437165 -0.202519 0.066454  
-0.198461 -0.222307 1.405632  -0.259963 -0.243112 1.211089  -0.316919 -0.152607 1.162918  -0.339444 -0.046134 0.964713  -0.316643 -0.005268 0.610580  -0.265690 -0.394885 1.154501  -0.273607 -0.508597 0.928496  -0.200754 -0.569568 0.636267  -0.290174 -0.346593 0.757218  -0.273631 -0.346143 0.555063  -0.327587 -0.415859 0.260289  -0.401552 -0.426707 0.072546  -0.288602 -0.198063 0.758301  -0.315703 -0.200337 0.557141  -0.383946 -0.172077 0.262704  -0.434980 -0.202189 0.069499  
-0.201099 -0.224320 1.405814  -0.260677 -0.245305 1.210990  -0.313753 -0.153165 1.162571  -0.349313 -0.037717 0.971751  -0.321605 0.001198 0.617865  -0.264665 -0.396005 1.152777  -0.270278 -0.512264 0.928070  -0.201241 -0.558753 0.632289  -0.292613 -0.346370 0.756301  -0.275952 -0.343352 0.553866  -0.324624 -0.412389 0.257876  -0.402644 -0.434695 0.072783  -0.285731 -0.197421 0.757303  -0.317484 -0.197380 0.556751  -0.381848 -0.176665 0.260755  -0.434595 -0.201420 0.067240  
-0.206357 -0.224327 1.406627  -0.264271 -0.245674 1.211450  -0.316045 -0.154557 1.161582  -0.352438 -0.033466 0.974386  -0.319947 -0.002548 0.620115  -0.268385 -0.397207 1.154924  -0.267335 -0.510077 0.928481  -0.200913 -0.562177 0.633044  -0.284914 -0.349847 0.757268  -0.275201 -0.349047 0.554677  -0.323899 -0.410944 0.257274  -0.401746 -0.436946 0.072617  -0.280315 -0.201365 0.757261  -0.314512 -0.202462 0.556889  -0.384239 -0.174418 0.262616  -0.433730 -0.201488 0.068535  
-0.205801 -0.225882 1.407242  -0.265029 -0.249387 1.212944  -0.313438 -0.157137 1.162478  -0.350593 -0.037330 0.974473  -0.314148 -0.006089 0.620596  -0.265968 -0.400004 1.155003  -0.267227 -0.512326 0.928382  -0.200392 -0.561292 0.632513  -0.291499 -0.350652 0.758433  -0.274343 -0.346332 0.556312  -0.326510 -0.412834 0.260552  -0.401777 -0.430625 0.073873  -0.279546 -0.202374 0.758211  -0.313329 -0.199694 0.557970  -0.385949 -0.175809 0.264123  -0.430656 -0.198574 0.068350  
-0.205852 -0.224422 1.407792  -0.263602 -0.247984 1.212465  -0.316212 -0.157323 1.163000  -0.355868 -0.039709 0.974311  -0.317959 -0.006334 0.620808  -0.263787 -0.398920 1.154558  -0.260400 -0.513487 0.928993  -0.197266 -0.561739 0.632183  -0.288403 -0.348902 0.757707  -0.273716 -0.347545 0.555116  -0.326348 -0.409254 0.258233  -0.401244 -0.432995 0.072039  -0.282490 -0.200330 0.757714  -0.316131 -0.201763 0.556925  -0.385913 -0.175479 0.262318  -0.435497 -0.206522 0.068827  
-0.207915 -0.222958 1.406107  -0.261395 -0.245521 1.209744  -0.314122 -0.155195 1.159808  -0.357326 -0.038268 0.971252  -0.320167 -0.006224 0.617518  -0.262112 -0.397105 1.153520  -0.262335 -0.512496 0.928379  -0.196938 -0.555152 0.631207  -0.299027 -0.352448 0.757129  -0.274566 -0.348795 0.555097  -0.324097 -0.412971 0.258313  -0.398355 -0.429078 0.071068  -0.285767 -0.203064 0.755551  -0.316435 -0.202925 0.554878  -0.382869 -0.172649 0.260222  -0.434298 -0.203096 0.067173  
-0.206126 -0.221985 1.406855  -0.263132 -0.250613 1.211919  -0.312817 -0.158487 1.161819  -0.353857 -0.041604 0.972626  -0.328952 -0.007514 0.617991  -0.263229 -0.401069 1.153050  -0.259639 -0.504564 0.922069  -0.191089 -0.545901 0.625403  -0.286522 -0.351343 0.756873  -0.274205 -0.346250 0.554264  -0.326701 -0.411104 0.258046  -0.401147 -0.436109 0.071840  -0.283456 -0.202790 0.757373  -0.317670 -0.200888 0.557357  -0.385759 -0.178400 0.262412  -0.433385 -0.207106 0.068128  
-0.209153 -0.226447 1.404939  -0.267115 -0.247733 1.210103  -0.321474 -0.157552 1.159736  -0.364385 -0.034716 0.975080  -0.324672 -0.010634 0.620995  -0.263678 -0.398536 1.151505  -0.259668 -0.505268 0.922083  -0.187246 -0.548021 0.626545  -0.286909 -0.349828 0.755770  -0.275399 -0.347548 0.553634  -0.321296 -0.409591 0.256015  -0.401334 -0.430962 0.071735  -0.284409 -0.201098 0.755654  -0.318607 -0.202161 0.555739  -0.383897 -0.173710 0.260701  -0.434332 -0.202822 0.067193  
-0.212030 -0.227165 1.406074  -0.266820 -0.248287 1.209999  -0.319205 -0.157799 1.160091  -0.362470 -0.038802 0.972946  -0.325057 -0.008236 0.619121  -0.264165 -0.398931 1.151108  -0.258227 -0.502110 0.919968  -0.184012 -0.543835 0.624699  -0.284766 -0.348666 0.755452  -0.276694 -0.347715 0.553108  -0.321180 -0.405999 0.254504  -0.406463 -0.435629 0.073750  -0.284217 -0.200004 0.755155  -0.319778 -0.202239 0.554943  -0.384570 -0.174596 0.259477  -0.436207 -0.203444 0.066207  
-0.211455 -0.224289 1.405535  -0.264130 -0.244292 1.208434  -0.320557 -0.155832 1.158662  -0.365661 -0.039505 0.970304  -0.325283 -0.004759 0.617189  -0.256887 -0.395008 1.150807  -0.252383 -0.501846 0.921453  -0.185467 -0.542315 0.624309  -0.287038 -0.348709 0.754515  -0.273760 -0.346039 0.551831  -0.320400 -0.414544 0.255503  -0.398665 -0.430032 0.069837  -0.288038 -0.199943 0.753587  -0.321355 -0.201842 0.552945  -0.388125 -0.168104 0.258541  -0.437289 -0.209603 0.066933  
-0.209993 -0.225121 1.407103  -0.267938 -0.250404 1.212234  -0.321640 -0.160335 1.162331  -0.358865 -0.041561 0.973616  -0.333099 -0.006377 0.619163  -0.263017 -0.400905 1.153090  -0.251676 -0.504728 0.922385  -0.183919 -0.540636 0.624817  -0.289538 -0.351173 0.757346  -0.275491 -0.349626 0.555007  -0.325543 -0.405596 0.256652  -0.401121 -0.441188 0.072652  -0.286367 -0.202452 0.757746  -0.320205 -0.204651 0.557605  -0.383542 -0.173759 0.262337  -0.437520 -0.206304 0.070329  
-0.210792 -0.225718 1.404749  -0.263949 -0.249374 1.208153  -0.322540 -0.159668 1.160068  -0.361033 -0.040576 0.971815  -0.334219 -0.008150 0.617177  -0.271954 -0.401887 1.150736  -0.247530 -0.506169 0.920796  -0.185949 -0.541660 0.621759  -0.285342 -0.349617 0.753650  -0.280355 -0.348514 0.551006  -0.320646 -0.415178 0.253594  -0.402578 -0.440760 0.070672  -0.295390 -0.201099 0.754517  -0.326065 -0.203780 0.553285  -0.385546 -0.172882 0.257074  -0.437960 -0.208025 0.065048  
-0.213799 -0.223542 1.405216  -0.267578 -0.249961 1.209161  -0.324365 -0.160257 1.159989  -0.360804 -0.041959 0.970781  -0.332646 -0.006808 0.616499  -0.271655 -0.402057 1.150384  -0.255762 -0.506275 0.919483  -0.186154 -0.541503 0.621941  -0.291150 -0.350475 0.754314  -0.274826 -0.345428 0.552133  -0.324398 -0.411575 0.255843  -0.403665 -0.437144 0.071740  -0.292532 -0.200607 0.755280  -0.322935 -0.201538 0.554599  -0.386720 -0.171882 0.259321  -0.434359 -0.208168 0.066312  
-0.211588 -0.227095 1.407585  -0.266132 -0.249123 1.211540  -0.326962 -0.159996 1.164128  -0.364060 -0.050785 0.970014  -0.332546 -0.005807 0.617161  -0.262074 -0.399521 1.152136  -0.248392 -0.507069 0.923489  -0.189129 -0.543157 0.624158  -0.279242 -0.347313 0.756218  -0.274641 -0.345104 0.553674  -0.327430 -0.413197 0.258440  -0.398843 -0.434257 0.070599  -0.297766 -0.199540 0.757948  -0.322631 -0.201119 0.555894  -0.388939 -0.174853 0.260524  -0.434195 -0.209610 0.066610  
-0.213790 -0.227290 1.406624  -0.264531 -0.246641 1.209354  -0.323445 -0.159153 1.160990  -0.365021 -0.037019 0.975596  -0.337507 -0.010784 0.620531  -0.258769 -0.397647 1.151770  -0.257183 -0.510700 0.925503  -0.186192 -0.547619 0.628853  -0.289051 -0.350276 0.755425  -0.276428 -0.347779 0.553208  -0.324436 -0.413478 0.256612  -0.402248 -0.434353 0.071307  -0.296317 -0.201780 0.755256  -0.324144 -0.203666 0.553698  -0.386085 -0.171364 0.258029  -0.442526 -0.209094 0.067643  
-0.213616 -0.225502 1.402479  -0.269177 -0.246382 1.206761  -0.329153 -0.158852 1.157822  -0.366402 -0.038076 0.970502  -0.337851 -0.013046 0.615405  -0.261064 -0.397096 1.147894  -0.256477 -0.508041 0.920426  -0.186145 -0.547546 0.623922  -0.287586 -0.347806 0.752233  -0.272689 -0.341564 0.550426  -0.322341 -0.415999 0.256285  -0.406755 -0.432644 0.073477  -0.294873 -0.199053 0.753125  -0.324958 -0.199163 0.552442  -0.387134 -0.171647 0.256621  -0.443529 -0.209125 0.066218  
-0.210814 -0.226147 1.404927  -0.268084 -0.250961 1.209878  -0.322045 -0.161328 1.159911  -0.363587 -0.039587 0.974137  -0.341227 -0.003444 0.619567  -0.263280 -0.401721 1.151666  -0.256359 -0.509237 0.922636  -0.186861 -0.542887 0.625219  -0.292014 -0.354280 0.755217  -0.275326 -0.352381 0.552787  -0.326763 -0.407764 0.254414  -0.399983 -0.438731 0.068611  -0.285950 -0.204730 0.755594  -0.322400 -0.208145 0.556055  -0.387777 -0.171523 0.261969  -0.438612 -0.201245 0.068663  
-0.211917 -0.223108 1.405308  -0.268782 -0.253642 1.211105  -0.325766 -0.165459 1.161511  -0.366527 -0.040184 0.978008  -0.338829 -0.006332 0.623598  -0.260909 -0.404050 1.151602  -0.249485 -0.506051 0.920206  -0.189332 -0.544657 0.621352  -0.291931 -0.352879 0.756086  -0.275463 -0.349208 0.554081  -0.321045 -0.411487 0.256327  -0.403959 -0.439954 0.074268  -0.285052 -0.204052 0.756680  -0.322321 -0.204861 0.556796  -0.388712 -0.173160 0.262095  -0.435999 -0.204647 0.068126  
-0.210234 -0.226262 1.402531  -0.269080 -0.252053 1.207985  -0.327240 -0.164573 1.159119  -0.382192 -0.038710 0.979979  -0.338001 0.002955 0.628092  -0.260532 -0.402443 1.149459  -0.251404 -0.504656 0.918244  -0.188116 -0.543428 0.620088  -0.288602 -0.352387 0.752739  -0.276336 -0.351897 0.550088  -0.324399 -0.402367 0.250203  -0.407038 -0.447936 0.071476  -0.291975 -0.203802 0.753591  -0.321793 -0.207037 0.552445  -0.392201 -0.169392 0.259370  -0.438079 -0.204094 0.065609  
-0.209222 -0.231270 1.405688  -0.266257 -0.251538 1.209991  -0.326547 -0.164568 1.161848  -0.379030 -0.045117 0.977375  -0.335881 0.001460 0.625957  -0.259774 -0.402568 1.151706  -0.244196 -0.503075 0.919787  -0.190159 -0.541266 0.619714  -0.291165 -0.353372 0.755532  -0.277625 -0.349123 0.553050  -0.319908 -0.407150 0.253919  -0.407027 -0.434934 0.073721  -0.293136 -0.204135 0.756770  -0.325314 -0.205108 0.556295  -0.387778 -0.175836 0.260652  -0.441897 -0.200602 0.067523  
-0.209454 -0.234171 1.405019  -0.269380 -0.253338 1.209820  -0.329789 -0.167086 1.160651  -0.380400 -0.036338 0.983444  -0.340971 0.009607 0.631503  -0.256826 -0.403408 1.151195  -0.240055 -0.501185 0.918429  -0.185046 -0.539495 0.618567  -0.284023 -0.353802 0.754268  -0.276483 -0.351893 0.551386  -0.322744 -0.406729 0.252083  -0.403786 -0.444494 0.070841  -0.289980 -0.205436 0.756013  -0.325946 -0.208462 0.556117  -0.388161 -0.173062 0.261050  -0.438579 -0.206085 0.068147  
-0.207887 -0.233054 1.407351  -0.268130 -0.255933 1.212834  -0.328897 -0.168828 1.164160  -0.382207 -0.043857 0.983776  -0.343771 0.009770 0.632820  -0.260029 -0.406398 1.152760  -0.240989 -0.501781 0.918912  -0.182925 -0.535873 0.619089  -0.282733 -0.353957 0.757388  -0.275541 -0.352564 0.554736  -0.320609 -0.406377 0.255219  -0.403280 -0.442119 0.074329  -0.290528 -0.205413 0.758729  -0.321719 -0.208006 0.557777  -0.390851 -0.177030 0.263584  -0.435025 -0.203523 0.068133  
-0.210242 -0.233502 1.408833  -0.269597 -0.256337 1.214173  -0.328777 -0.168806 1.165609  -0.391111 -0.044159 0.987782  -0.351754 0.020177 0.638714  -0.259125 -0.406079 1.153396  -0.242780 -0.503317 0.919991  -0.176375 -0.537317 0.621904  -0.288895 -0.353363 0.759285  -0.275208 -0.350180 0.556568  -0.321683 -0.406212 0.257853  -0.402877 -0.441457 0.076230  -0.294212 -0.204058 0.760017  -0.323128 -0.206225 0.558693  -0.386391 -0.177946 0.262915  -0.437584 -0.205297 0.069305  
-0.207160 -0.233098 1.406458  -0.270220 -0.255206 1.212753  -0.328961 -0.168150 1.163907  -0.397568 -0.046933 0.986020  -0.358609 0.024983 0.638399  -0.257621 -0.404873 1.152905  -0.238542 -0.505639 0.921524  -0.176555 -0.530744 0.621631  -0.279565 -0.353272 0.757044  -0.274552 -0.350426 0.554293  -0.323989 -0.413522 0.257315  -0.398463 -0.436601 0.070895  -0.295349 -0.205499 0.758265  -0.324965 -0.207247 0.556921  -0.391692 -0.175343 0.262210  -0.437105 -0.205743 0.067603  
-0.209397 -0.234526 1.404633  -0.270798 -0.259089 1.210925  -0.335738 -0.174686 1.163834  -0.404596 -0.047646 0.990301  -0.368496 0.044844 0.647278  -0.254440 -0.407927 1.148949  -0.236512 -0.507364 0.916450  -0.172105 -0.530656 0.616841  -0.289029 -0.353351 0.755025  -0.274188 -0.349627 0.552573  -0.323458 -0.412999 0.255594  -0.399748 -0.436293 0.069931  -0.299539 -0.204659 0.757587  -0.324818 -0.206633 0.556101  -0.388899 -0.177810 0.260728  -0.437511 -0.201954 0.066057  
-0.206646 -0.239168 1.402186  -0.268565 -0.262491 1.208816  -0.330757 -0.176754 1.160803  -0.402395 -0.044277 0.992522  -0.379168 0.054079 0.650030  -0.258237 -0.412812 1.148836  -0.235726 -0.508055 0.915482  -0.169670 -0.532687 0.616412  -0.293023 -0.359929 0.753247  -0.274822 -0.353263 0.551353  -0.323888 -0.410429 0.253075  -0.401239 -0.443638 0.069371  -0.292828 -0.210066 0.755018  -0.325909 -0.210325 0.554201  -0.386565 -0.174100 0.258688  -0.438931 -0.206745 0.066204  
-0.209621 -0.242856 1.405635  -0.268591 -0.262953 1.210168  -0.323951 -0.174210 1.160991  -0.405322 -0.042022 0.996721  -0.397076 0.080006 0.661201  -0.257492 -0.412454 1.149701  -0.238010 -0.508210 0.916149  -0.162752 -0.528272 0.618893  -0.293107 -0.361438 0.754782  -0.273162 -0.354445 0.552877  -0.321388 -0.411121 0.254282  -0.402225 -0.442096 0.071677  -0.290359 -0.211991 0.755613  -0.324863 -0.211730 0.555231  -0.391687 -0.177578 0.260919  -0.437728 -0.210399 0.066873  
-0.207597 -0.247989 1.405457  -0.271938 -0.262804 1.211061  -0.331816 -0.176817 1.161954  -0.408639 -0.042623 0.997219  -0.400953 0.096962 0.668613  -0.258919 -0.412743 1.151129  -0.237926 -0.519768 0.922554  -0.166867 -0.530293 0.623804  -0.287966 -0.359561 0.754728  -0.276827 -0.357177 0.551774  -0.320226 -0.406039 0.250975  -0.400727 -0.442893 0.069293  -0.290286 -0.210809 0.756570  -0.324955 -0.213220 0.556090  -0.392031 -0.172588 0.262651  -0.434765 -0.211728 0.069014  
-0.209881 -0.251170 1.404314  -0.269622 -0.264018 1.208558  -0.335909 -0.181421 1.160430  -0.411543 -0.035922 1.004997  -0.405672 0.124883 0.686200  -0.249060 -0.412966 1.148588  -0.238677 -0.517001 0.918032  -0.162017 -0.532986 0.620892  -0.287187 -0.363447 0.753250  -0.276210 -0.358778 0.550921  -0.318687 -0.406065 0.250035  -0.400312 -0.442299 0.068782  -0.294278 -0.214380 0.754798  -0.324125 -0.214787 0.553565  -0.394341 -0.179977 0.260117  -0.438106 -0.206623 0.064597  
-0.206259 -0.252426 1.406516  -0.266616 -0.267686 1.211253  -0.330185 -0.184047 1.164198  -0.399920 -0.032456 1.012255  -0.363695 0.132789 0.697779  -0.247589 -0.416529 1.148206  -0.233747 -0.521204 0.918246  -0.160570 -0.524646 0.619839  -0.279586 -0.357570 0.755399  -0.276539 -0.355809 0.553230  -0.319969 -0.412566 0.254175  -0.402689 -0.444359 0.072598  -0.293461 -0.209733 0.757104  -0.329645 -0.213641 0.556555  -0.387255 -0.177449 0.260275  -0.439142 -0.208787 0.067421  
-0.207371 -0.252803 1.405915  -0.266913 -0.273706 1.210995  -0.330710 -0.187758 1.164489  -0.402782 -0.026520 1.022754  -0.350383 0.160062 0.722745  -0.250327 -0.421741 1.147700  -0.228781 -0.511498 0.911795  -0.158997 -0.529470 0.612946  -0.284427 -0.363179 0.753860  -0.272630 -0.353387 0.551782  -0.322728 -0.409181 0.253546  -0.403348 -0.440433 0.070928  -0.296128 -0.214691 0.758761  -0.327211 -0.211991 0.558246  -0.392843 -0.177099 0.263966  -0.434975 -0.206767 0.068564  
-0.205649 -0.253888 1.406220  -0.269833 -0.270735 1.212760  -0.329190 -0.184293 1.164827  -0.409250 -0.012989 1.040804  -0.352480 0.196038 0.756808  -0.247432 -0.417982 1.149078  -0.228638 -0.511398 0.914604  -0.159036 -0.527932 0.615772  -0.281179 -0.360922 0.755817  -0.274485 -0.357402 0.553581  -0.319269 -0.412879 0.254502  -0.399974 -0.437017 0.070855  -0.292863 -0.212636 0.758584  -0.323090 -0.213677 0.557363  -0.396044 -0.180088 0.264342  -0.435916 -0.204156 0.067650  
-0.204146 -0.255180 1.407657  -0.266804 -0.274228 1.213096  -0.329619 -0.187405 1.166333  -0.409631 -0.008286 1.053043  -0.344799 0.212149 0.779604  -0.251174 -0.422253 1.148944  -0.228718 -0.511395 0.912896  -0.159341 -0.532701 0.614278  -0.284782 -0.361893 0.755718  -0.273816 -0.356783 0.553398  -0.324419 -0.412135 0.254928  -0.398647 -0.443365 0.069576  -0.291162 -0.213433 0.760070  -0.327464 -0.214956 0.560026  -0.390337 -0.180858 0.264836  -0.436924 -0.208690 0.070143  
-0.203193 -0.261451 1.405222  -0.265552 -0.269619 1.210165  -0.328447 -0.184037 1.162449  -0.416040 -0.001707 1.061079  -0.340069 0.251919 0.821391  -0.249433 -0.418686 1.148925  -0.228091 -0.516015 0.916038  -0.162039 -0.536672 0.616648  -0.284326 -0.365422 0.754019  -0.273121 -0.359403 0.551457  -0.323480 -0.415194 0.253176  -0.403612 -0.441361 0.069531  -0.292552 -0.216436 0.756973  -0.327222 -0.217730 0.556895  -0.392333 -0.180541 0.262706  -0.435341 -0.208268 0.067198  
-0.205335 -0.261699 1.406080  -0.265422 -0.273396 1.210078  -0.324781 -0.185327 1.163368  -0.409064 0.002912 1.069996  -0.327889 0.269670 0.847064  -0.249103 -0.421086 1.146513  -0.231781 -0.514780 0.911810  -0.156328 -0.533040 0.614479  -0.280840 -0.363277 0.753543  -0.273797 -0.358979 0.551072  -0.321070 -0.413506 0.252176  -0.402981 -0.440405 0.069446  -0.297610 -0.215592 0.756726  -0.326288 -0.216684 0.555467  -0.390895 -0.182763 0.260634  -0.435940 -0.204666 0.064825  
-0.202946 -0.264209 1.404415  -0.264238 -0.273092 1.208411  -0.325473 -0.185929 1.161696  -0.410915 0.010888 1.089554  -0.335311 0.301587 0.896301  -0.242845 -0.420014 1.145035  -0.229435 -0.516303 0.911092  -0.159554 -0.538105 0.612623  -0.281597 -0.364219 0.752047  -0.275592 -0.360167 0.549664  -0.323785 -0.414703 0.250913  -0.404528 -0.443177 0.067901  -0.295563 -0.216260 0.754852  -0.326509 -0.217229 0.553602  -0.392687 -0.183500 0.258914  -0.437416 -0.208174 0.063332  
-0.200420 -0.265797 1.405871  -0.261626 -0.278194 1.210445  -0.322815 -0.189669 1.164591  -0.410245 0.009863 1.101508  -0.323442 0.306409 0.922171  -0.243123 -0.425025 1.146179  -0.227239 -0.512610 0.909062  -0.163349 -0.531475 0.609069  -0.287170 -0.366383 0.753082  -0.271906 -0.360004 0.550811  -0.323153 -0.413033 0.252032  -0.402536 -0.447222 0.069359  -0.294082 -0.217863 0.758018  -0.321776 -0.216792 0.556830  -0.391500 -0.183886 0.263165  -0.434583 -0.202326 0.066576  
-0.203515 -0.265668 1.403076  -0.261588 -0.277689 1.206784  -0.321807 -0.189330 1.160591  -0.400031 0.017137 1.110652  -0.318950 0.338714 0.978030  -0.246846 -0.425606 1.143715  -0.229385 -0.518939 0.908924  -0.165327 -0.537218 0.608941  -0.292347 -0.368990 0.750751  -0.272628 -0.357727 0.549435  -0.324521 -0.419289 0.252655  -0.401061 -0.434806 0.066306  -0.293011 -0.219789 0.753972  -0.326226 -0.215821 0.553525  -0.392390 -0.182343 0.259030  -0.439071 -0.208191 0.064093  
-0.203925 -0.266345 1.403742  -0.261486 -0.271488 1.207069  -0.323494 -0.184407 1.160368  -0.402017 0.025027 1.119621  -0.312830 0.353401 1.011135  -0.243323 -0.419367 1.145054  -0.226123 -0.518336 0.912543  -0.162848 -0.535537 0.612330  -0.280472 -0.365559 0.751152  -0.276365 -0.361891 0.548428  -0.319624 -0.408960 0.247581  -0.402834 -0.446779 0.067374  -0.296582 -0.217488 0.753782  -0.325865 -0.218470 0.552714  -0.393835 -0.181496 0.258944  -0.437492 -0.210558 0.063741  
-0.201515 -0.270055 1.404292  -0.262842 -0.277036 1.208491  -0.321241 -0.187071 1.162540  -0.389105 0.028826 1.151541  -0.296748 0.360581 1.056611  -0.252779 -0.425656 1.145538  -0.228455 -0.512297 0.908590  -0.164038 -0.540216 0.609377  -0.287324 -0.367808 0.752116  -0.276211 -0.362919 0.549718  -0.323556 -0.414451 0.250149  -0.403945 -0.443759 0.067087  -0.293010 -0.218900 0.755350  -0.326501 -0.219727 0.554514  -0.390247 -0.176235 0.260626  -0.440022 -0.214452 0.068479  
-0.204914 -0.269385 1.402986  -0.264645 -0.282363 1.207558  -0.319331 -0.190956 1.161856  -0.384193 0.025946 1.145369  -0.286941 0.364850 1.089357  -0.247898 -0.428927 1.142951  -0.229804 -0.511716 0.904060  -0.162305 -0.534547 0.605100  -0.281023 -0.369452 0.750076  -0.274687 -0.362837 0.547892  -0.323626 -0.413151 0.248593  -0.405084 -0.439663 0.065615  -0.293009 -0.220984 0.754818  -0.326404 -0.220372 0.554519  -0.390931 -0.178669 0.260819  -0.439266 -0.210264 0.067152  
-0.202906 -0.271786 1.404444  -0.259634 -0.275775 1.207730  -0.320344 -0.186732 1.163426  -0.366642 0.035044 1.167678  -0.269907 0.377121 1.132584  -0.248144 -0.423858 1.143532  -0.233646 -0.516100 0.907753  -0.165412 -0.539062 0.608981  -0.285895 -0.363749 0.751364  -0.273357 -0.357868 0.549358  -0.322694 -0.422312 0.252848  -0.402453 -0.434388 0.067612  -0.297510 -0.215366 0.755623  -0.328159 -0.216518 0.554772  -0.387309 -0.181691 0.258981  -0.437999 -0.205815 0.064831  
-0.205783 -0.269074 1.404392  -0.265159 -0.277985 1.208712  -0.321601 -0.186910 1.164047  -0.365253 0.035135 1.180559  -0.264498 0.376909 1.159338  -0.250418 -0.424948 1.144248  -0.232545 -0.515467 0.908244  -0.169243 -0.535203 0.608160  -0.282267 -0.364501 0.751300  -0.274358 -0.358868 0.549237  -0.321400 -0.417651 0.251030  -0.403514 -0.443360 0.068205  -0.298040 -0.216804 0.756324  -0.328831 -0.217432 0.555694  -0.390991 -0.182468 0.260649  -0.434899 -0.209665 0.065275  
-0.204296 -0.268438 1.403854  -0.268952 -0.267071 1.209092  -0.319797 -0.173263 1.163153  -0.377848 0.045501 1.181453  -0.284226 0.390060 1.194477  -0.254315 -0.414890 1.145584  -0.233313 -0.523417 0.917048  -0.172043 -0.538846 0.616230  -0.286229 -0.358638 0.752545  -0.277018 -0.355490 0.549822  -0.324115 -0.419048 0.252349  -0.399400 -0.440493 0.066025  -0.300512 -0.210595 0.755259  -0.328840 -0.212935 0.554057  -0.391553 -0.184013 0.258342  -0.436491 -0.206424 0.062574  
-0.197905 -0.272169 1.402419  -0.267884 -0.262960 1.209807  -0.323375 -0.171170 1.164011  -0.373742 0.048031 1.196394  -0.307257 0.398450 1.217803  -0.252985 -0.411121 1.147866  -0.233536 -0.517993 0.918453  -0.174347 -0.533883 0.617144  -0.279829 -0.356770 0.754345  -0.274169 -0.355002 0.552243  -0.325169 -0.417149 0.255456  -0.404308 -0.439318 0.070878  -0.301205 -0.209829 0.755979  -0.330050 -0.213915 0.554458  -0.386509 -0.181666 0.257600  -0.436233 -0.209604 0.063672  
-0.203424 -0.272255 1.401226  -0.273978 -0.256143 1.209682  -0.323938 -0.163035 1.161431  -0.367628 0.055908 1.203220  -0.293772 0.402561 1.248365  -0.257092 -0.404915 1.150495  -0.232920 -0.509509 0.920447  -0.181874 -0.538298 0.618703  -0.284420 -0.358143 0.755106  -0.274316 -0.358200 0.552284  -0.326070 -0.415171 0.254287  -0.405595 -0.440472 0.070228  -0.300384 -0.210420 0.755182  -0.325990 -0.215518 0.553808  -0.393464 -0.186281 0.259248  -0.434302 -0.203526 0.062076  
-0.200593 -0.270463 1.402618  -0.265809 -0.258569 1.208827  -0.318942 -0.165633 1.162250  -0.355131 0.054059 1.208551  -0.285847 0.400960 1.259061  -0.252406 -0.407589 1.148784  -0.225908 -0.511373 0.918816  -0.182744 -0.531155 0.614979  -0.279926 -0.358240 0.754252  -0.277011 -0.359266 0.551706  -0.324490 -0.412376 0.252273  -0.407709 -0.445319 0.071075  -0.302677 -0.211539 0.754902  -0.326886 -0.215930 0.553240  -0.392998 -0.179941 0.259068  -0.436589 -0.207631 0.063674  
-0.197543 -0.271764 1.404356  -0.265767 -0.256823 1.211528  -0.316550 -0.162145 1.164709  -0.348972 0.057770 1.213764  -0.278652 0.403363 1.271534  -0.255140 -0.406424 1.152364  -0.234985 -0.518260 0.925507  -0.186590 -0.536109 0.622491  -0.288326 -0.359068 0.757194  -0.277428 -0.359735 0.554346  -0.321031 -0.409278 0.253458  -0.404891 -0.444408 0.072924  -0.298864 -0.210937 0.757892  -0.328240 -0.216775 0.557312  -0.388088 -0.182921 0.261749  -0.440345 -0.205356 0.067845  
-0.202487 -0.272088 1.404151  -0.271707 -0.258670 1.211429  -0.315130 -0.160652 1.164724  -0.342002 0.057689 1.223336  -0.273104 0.401261 1.293570  -0.253012 -0.406499 1.150051  -0.233283 -0.518862 0.923369  -0.185159 -0.533084 0.620109  -0.280245 -0.354538 0.755931  -0.275730 -0.354818 0.553382  -0.325607 -0.419840 0.256655  -0.402074 -0.438745 0.070534  -0.301366 -0.207636 0.757359  -0.328493 -0.212575 0.556224  -0.385390 -0.184413 0.259373  -0.441523 -0.206673 0.066518  
-0.197929 -0.276960 1.405869  -0.268569 -0.256727 1.214542  -0.312534 -0.158558 1.168167  -0.332015 0.060670 1.227008  -0.267223 0.403019 1.306596  -0.256437 -0.405912 1.154365  -0.234403 -0.512877 0.925048  -0.188415 -0.536449 0.622030  -0.277472 -0.354057 0.760223  -0.277797 -0.355950 0.557608  -0.324526 -0.410728 0.258343  -0.400243 -0.441408 0.073493  -0.306582 -0.208544 0.760764  -0.327922 -0.212706 0.558703  -0.388288 -0.179660 0.262919  -0.438313 -0.206105 0.068894  
-0.196368 -0.275813 1.404451  -0.265393 -0.262288 1.211688  -0.308908 -0.162729 1.167634  -0.328420 0.055593 1.229620  -0.269890 0.396954 1.317854  -0.258778 -0.411239 1.150259  -0.232525 -0.514840 0.919900  -0.188903 -0.529985 0.615981  -0.272597 -0.352321 0.757812  -0.277921 -0.356584 0.557059  -0.318282 -0.408663 0.256526  -0.400966 -0.440274 0.074869  -0.308470 -0.208379 0.758962  -0.329500 -0.214426 0.556583  -0.388849 -0.176874 0.260969  -0.438029 -0.206512 0.067163  
-0.198820 -0.275832 1.403049  -0.271871 -0.257584 1.212293  -0.312281 -0.157583 1.166773  -0.323766 0.059723 1.234238  -0.260448 0.397875 1.331087  -0.256199 -0.405931 1.151070  -0.234970 -0.511316 0.920981  -0.183637 -0.534358 0.618669  -0.277228 -0.351248 0.758372  -0.277319 -0.354835 0.556699  -0.319830 -0.416230 0.258170  -0.401257 -0.438303 0.074535  -0.306073 -0.205560 0.758464  -0.330850 -0.213312 0.556706  -0.389672 -0.176954 0.260860  -0.438461 -0.209766 0.067471  
-0.194860 -0.275210 1.403039  -0.267520 -0.257324 1.212420  -0.307347 -0.157247 1.165812  -0.325714 0.056687 1.242437  -0.257894 0.393640 1.340505  -0.256635 -0.406653 1.152108  -0.236565 -0.507390 0.919821  -0.183441 -0.532730 0.618092  -0.279599 -0.355815 0.757888  -0.275654 -0.357147 0.555226  -0.322958 -0.410907 0.255828  -0.408256 -0.442033 0.075268  -0.299644 -0.208774 0.758361  -0.327730 -0.214588 0.557184  -0.389679 -0.179158 0.262018  -0.434953 -0.210644 0.067581  
-0.198045 -0.272667 1.404709  -0.269004 -0.250280 1.213800  -0.307807 -0.149053 1.167989  -0.315333 0.065665 1.245467  -0.247137 0.397378 1.359994  -0.257979 -0.399808 1.153938  -0.237912 -0.510486 0.926030  -0.185582 -0.535466 0.624103  -0.280044 -0.348793 0.760654  -0.277830 -0.353418 0.558559  -0.320563 -0.412176 0.259334  -0.399091 -0.438551 0.074973  -0.308298 -0.202688 0.760117  -0.330759 -0.211881 0.558686  -0.384379 -0.181223 0.261375  -0.438587 -0.206942 0.068383  
-0.193649 -0.277245 1.408286  -0.262334 -0.253925 1.216366  -0.300887 -0.152997 1.170939  -0.313502 0.061462 1.247343  -0.248846 0.392669 1.365147  -0.254266 -0.403448 1.156727  -0.234954 -0.503251 0.923685  -0.186504 -0.530733 0.621302  -0.281545 -0.352431 0.763636  -0.275599 -0.355118 0.561551  -0.323073 -0.420610 0.264597  -0.396803 -0.438961 0.077330  -0.306800 -0.206220 0.762947  -0.329285 -0.213241 0.560674  -0.386105 -0.178573 0.264150  -0.434438 -0.202348 0.069317  
-0.194649 -0.275359 1.407925  -0.262045 -0.259229 1.215269  -0.305113 -0.160066 1.169951  -0.313870 0.052394 1.252257  -0.242705 0.379191 1.378335  -0.248771 -0.408089 1.154284  -0.231881 -0.504489 0.919874  -0.187340 -0.534099 0.616991  -0.283721 -0.357033 0.761357  -0.279150 -0.358399 0.559033  -0.322152 -0.420495 0.260747  -0.400963 -0.432006 0.075018  -0.302227 -0.209789 0.761949  -0.324647 -0.213590 0.559960  -0.389574 -0.178195 0.265450  -0.437589 -0.208118 0.071422  
-0.194380 -0.277773 1.405671  -0.267885 -0.254741 1.215731  -0.304881 -0.153812 1.169251  -0.309784 0.056835 1.257207  -0.239709 0.381589 1.389172  -0.256015 -0.404145 1.154833  -0.233966 -0.501674 0.921107  -0.188450 -0.532252 0.618588  -0.289155 -0.354668 0.761601  -0.279628 -0.357426 0.559206  -0.321194 -0.414970 0.259550  -0.397146 -0.441265 0.074097  -0.303510 -0.206884 0.761227  -0.325837 -0.213135 0.559412  -0.387653 -0.181566 0.263812  -0.437500 -0.203104 0.069143  
-0.192783 -0.276669 1.402826  -0.267726 -0.255475 1.213603  -0.303330 -0.153616 1.167772  -0.303422 0.054127 1.262932  -0.238878 0.377247 1.401633  -0.254367 -0.404371 1.153391  -0.228957 -0.498551 0.918404  -0.187220 -0.529368 0.615309  -0.288335 -0.355590 0.760139  -0.274350 -0.356672 0.558148  -0.327988 -0.415407 0.260940  -0.400697 -0.441907 0.074269  -0.304326 -0.208056 0.759800  -0.325340 -0.213691 0.557627  -0.389776 -0.174374 0.263426  -0.437141 -0.206494 0.069582  
-0.193902 -0.272161 1.405628  -0.266639 -0.252324 1.215320  -0.304530 -0.150567 1.169981  -0.303711 0.058347 1.262878  -0.229652 0.374584 1.412330  -0.253983 -0.401122 1.153747  -0.230838 -0.486825 0.915161  -0.181774 -0.526217 0.614161  -0.278601 -0.348901 0.760656  -0.275702 -0.351624 0.558306  -0.326091 -0.414174 0.260978  -0.399234 -0.439012 0.074194  -0.298890 -0.201953 0.761603  -0.329458 -0.210267 0.561287  -0.385944 -0.178827 0.264802  -0.435926 -0.200100 0.070170  
-0.195775 -0.276033 1.402673  -0.270079 -0.257044 1.212920  -0.303720 -0.153342 1.170181  -0.303767 0.053600 1.267207  -0.229328 0.368197 1.419872  -0.259700 -0.405280 1.151116  -0.233430 -0.498970 0.915869  -0.185224 -0.533042 0.614052  -0.271958 -0.344697 0.759358  -0.275424 -0.351658 0.560688  -0.321783 -0.415950 0.263371  -0.402297 -0.438420 0.079387  -0.314701 -0.202746 0.760490  -0.329460 -0.210297 0.557365  -0.392222 -0.181492 0.261334  -0.438853 -0.215486 0.067591  
-0.193397 -0.278972 1.407796  -0.267209 -0.263354 1.216490  -0.304558 -0.161255 1.172782  -0.307204 0.047195 1.265579  -0.225328 0.360132 1.417705  -0.257959 -0.411693 1.153533  -0.233682 -0.506528 0.918559  -0.183624 -0.528536 0.615997  -0.277218 -0.352227 0.761283  -0.276500 -0.353622 0.559163  -0.325408 -0.415745 0.261470  -0.400748 -0.442933 0.075885  -0.304890 -0.206522 0.763046  -0.328163 -0.211708 0.560893  -0.389518 -0.176331 0.265410  -0.436096 -0.200461 0.070201  
-0.194578 -0.279764 1.403625  -0.267925 -0.259584 1.213591  -0.301441 -0.154864 1.171408  -0.299130 0.050453 1.272935  -0.220751 0.364017 1.425930  -0.259536 -0.407680 1.150100  -0.236402 -0.500609 0.913804  -0.179490 -0.529633 0.612945  -0.278694 -0.347484 0.759225  -0.275996 -0.349430 0.558099  -0.326236 -0.417446 0.262173  -0.400086 -0.438045 0.075188  -0.304891 -0.201506 0.761251  -0.330588 -0.208913 0.559748  -0.388463 -0.179892 0.263040  -0.435276 -0.208684 0.068547  
-0.197916 -0.280062 1.405487  -0.269228 -0.254347 1.214619  -0.301542 -0.151726 1.169770  -0.299565 0.049902 1.277029  -0.216505 0.363417 1.427389  -0.256025 -0.402908 1.154450  -0.231066 -0.498811 0.920369  -0.185268 -0.528410 0.617795  -0.276179 -0.350201 0.761721  -0.274166 -0.354212 0.559950  -0.324050 -0.414809 0.262455  -0.400430 -0.433293 0.076284  -0.307930 -0.205307 0.760241  -0.326947 -0.211959 0.556979  -0.388107 -0.179489 0.260727  -0.434431 -0.209442 0.066203  
-0.191984 -0.281060 1.404942  -0.264915 -0.259268 1.214458  -0.304388 -0.158260 1.170856  -0.301050 0.043303 1.277378  -0.208990 0.353332 1.429570  -0.253006 -0.407515 1.151692  -0.231001 -0.506624 0.918574  -0.186274 -0.526884 0.615059  -0.278263 -0.349864 0.759944  -0.275631 -0.352252 0.559028  -0.318141 -0.416249 0.261085  -0.397666 -0.440390 0.076886  -0.302351 -0.203487 0.761351  -0.325050 -0.209786 0.559242  -0.387544 -0.180959 0.263331  -0.438004 -0.202374 0.068780  
-0.191404 -0.280789 1.404703  -0.267474 -0.254131 1.216092  -0.300226 -0.149900 1.173755  -0.298434 0.052153 1.281117  -0.206994 0.359806 1.438708  -0.258877 -0.402514 1.153864  -0.231512 -0.503213 0.921393  -0.185025 -0.520222 0.617701  -0.274878 -0.342659 0.762409  -0.277672 -0.348072 0.561126  -0.319950 -0.415216 0.263490  -0.398100 -0.435412 0.078163  -0.309372 -0.198518 0.763357  -0.326989 -0.207149 0.560894  -0.390074 -0.183116 0.264793  -0.434941 -0.202289 0.068653  
-0.194034 -0.274483 1.402314  -0.264909 -0.258388 1.210485  -0.295446 -0.153135 1.169258  -0.299002 0.047948 1.277622  -0.206812 0.355854 1.434152  -0.262283 -0.406275 1.146736  -0.231690 -0.499740 0.912101  -0.184226 -0.519541 0.608950  -0.269452 -0.339732 0.756086  -0.272871 -0.346513 0.558388  -0.325640 -0.417631 0.263543  -0.400302 -0.440105 0.077082  -0.317206 -0.197414 0.758932  -0.328277 -0.206468 0.556017  -0.386835 -0.177580 0.259230  -0.438216 -0.206172 0.065832  
-0.191635 -0.278722 1.405974  -0.266431 -0.252141 1.216341  -0.295158 -0.147438 1.173350  -0.284421 0.052355 1.284260  -0.208802 0.364607 1.441167  -0.256304 -0.400242 1.154135  -0.239621 -0.505246 0.922938  -0.185885 -0.532574 0.621366  -0.274029 -0.341688 0.762423  -0.275672 -0.347424 0.562323  -0.319022 -0.413406 0.264744  -0.397875 -0.438470 0.080346  -0.307209 -0.197153 0.762923  -0.329227 -0.206649 0.560412  -0.390325 -0.180016 0.263763  -0.437673 -0.206174 0.068971  
-0.194298 -0.279487 1.404987  -0.264198 -0.262955 1.213066  -0.293944 -0.158219 1.171273  -0.285082 0.041171 1.282588  -0.208473 0.355333 1.435065  -0.257467 -0.410760 1.150094  -0.236943 -0.512316 0.918073  -0.187270 -0.526972 0.615030  -0.269417 -0.346349 0.758555  -0.277167 -0.351018 0.557676  -0.318957 -0.420397 0.260480  -0.398573 -0.437587 0.075482  -0.312759 -0.204363 0.761280  -0.330061 -0.211056 0.558800  -0.387136 -0.180098 0.262090  -0.438869 -0.203496 0.068115  
-0.194502 -0.275315 1.404162  -0.266172 -0.268436 1.212026  -0.292753 -0.162146 1.171023  -0.276932 0.038665 1.279154  -0.212663 0.353815 1.435269  -0.259242 -0.415257 1.145752  -0.236052 -0.513312 0.911988  -0.183858 -0.520646 0.609042  -0.276714 -0.346713 0.755516  -0.272713 -0.346091 0.556142  -0.321247 -0.418500 0.261037  -0.401849 -0.432086 0.076221  -0.308406 -0.201915 0.760582  -0.326524 -0.205233 0.557981  -0.387802 -0.181291 0.261418  -0.437445 -0.210023 0.067606  
-0.190840 -0.280628 1.405375  -0.257129 -0.267523 1.211526  -0.298550 -0.166580 1.170532  -0.282894 0.032787 1.279989  -0.214839 0.346853 1.436472  -0.254438 -0.415458 1.147165  -0.231553 -0.506334 0.910699  -0.189209 -0.531202 0.607168  -0.275115 -0.350329 0.756225  -0.275459 -0.348403 0.555015  -0.317637 -0.421092 0.259109  -0.403578 -0.440490 0.077259  -0.309303 -0.206008 0.760288  -0.332350 -0.208027 0.557806  -0.386836 -0.177300 0.260337  -0.438302 -0.205636 0.066909  
-0.189775 -0.282940 1.406917  -0.258631 -0.271248 1.214369  -0.298604 -0.169699 1.172708  -0.285303 0.030380 1.281257  -0.209851 0.349201 1.424137  -0.255158 -0.419078 1.149712  -0.235446 -0.503844 0.910758  -0.185052 -0.533294 0.608883  -0.280831 -0.355441 0.758849  -0.276976 -0.353446 0.557053  -0.323053 -0.410032 0.258073  -0.404941 -0.446028 0.076856  -0.300984 -0.208500 0.762694  -0.326218 -0.210740 0.560943  -0.388351 -0.179908 0.265240  -0.438533 -0.210136 0.071802  
-0.187679 -0.281928 1.406363  -0.261307 -0.269533 1.215790  -0.298976 -0.167099 1.173214  -0.285598 0.035351 1.277691  -0.206840 0.348990 1.430022  -0.251225 -0.417109 1.150667  -0.234919 -0.501478 0.911010  -0.189170 -0.527760 0.607972  -0.284748 -0.355921 0.759745  -0.276153 -0.353856 0.557832  -0.319423 -0.413772 0.258986  -0.400486 -0.443054 0.076179  -0.300450 -0.208452 0.763771  -0.324830 -0.210918 0.562373  -0.386599 -0.178344 0.267034  -0.434638 -0.208290 0.073049  
-0.192892 -0.278907 1.402547  -0.262071 -0.269284 1.210258  -0.299007 -0.167178 1.167794  -0.294107 0.032571 1.277266  -0.202585 0.345070 1.424588  -0.247501 -0.416216 1.145285  -0.233808 -0.502000 0.906329  -0.186739 -0.524948 0.603084  -0.286237 -0.355004 0.755000  -0.274168 -0.353930 0.555171  -0.322528 -0.409947 0.256809  -0.401074 -0.440308 0.073160  -0.298647 -0.207119 0.758023  -0.322969 -0.210212 0.555707  -0.390551 -0.178034 0.261087  -0.438803 -0.209045 0.067241  
-0.190865 -0.278772 1.405172  -0.254569 -0.264367 1.211229  -0.300355 -0.165209 1.168605  -0.296645 0.034455 1.278549  -0.201831 0.346028 1.425803  -0.252712 -0.413656 1.148591  -0.243318 -0.507318 0.912273  -0.181724 -0.528758 0.611394  -0.294514 -0.356942 0.757019  -0.273793 -0.354831 0.555424  -0.323213 -0.410652 0.256891  -0.402723 -0.436550 0.072913  -0.298833 -0.208468 0.759352  -0.323617 -0.211485 0.557534  -0.387659 -0.178949 0.262477  -0.435525 -0.205088 0.067860  
-0.192988 -0.284873 1.403250  -0.260652 -0.272576 1.210357  -0.298655 -0.171168 1.167147  -0.290595 0.029885 1.273978  -0.204608 0.342108 1.425160  -0.254226 -0.420221 1.145249  -0.234159 -0.500891 0.904819  -0.182275 -0.525180 0.602710  -0.290665 -0.359732 0.753952  -0.273908 -0.356326 0.552377  -0.325036 -0.412255 0.254207  -0.402164 -0.436998 0.069078  -0.297498 -0.211523 0.758059  -0.324216 -0.213287 0.556873  -0.389296 -0.176691 0.262664  -0.437736 -0.201353 0.068027  
-0.187663 -0.280984 1.405351  -0.262105 -0.272965 1.214525  -0.299026 -0.171234 1.171667  -0.293652 0.032999 1.272412  -0.204170 0.341430 1.429238  -0.252040 -0.419973 1.148911  -0.229558 -0.501145 0.909097  -0.184080 -0.530253 0.606427  -0.285284 -0.356586 0.757860  -0.272720 -0.352747 0.556044  -0.325252 -0.416396 0.259603  -0.400984 -0.438248 0.073524  -0.295457 -0.208566 0.761730  -0.324088 -0.209952 0.560106  -0.388186 -0.181661 0.264280  -0.437029 -0.201444 0.069111  
-0.189084 -0.285308 1.406107  -0.256467 -0.273050 1.212999  -0.299211 -0.173752 1.170558  -0.296133 0.031189 1.269712  -0.204904 0.340196 1.424346  -0.250598 -0.420208 1.147014  -0.235525 -0.502628 0.907175  -0.182064 -0.534181 0.605778  -0.283685 -0.356084 0.755761  -0.274289 -0.350798 0.553813  -0.318564 -0.418289 0.257013  -0.399388 -0.437905 0.072860  -0.293660 -0.208075 0.760842  -0.324602 -0.207768 0.559912  -0.391033 -0.179778 0.264823  -0.437445 -0.202226 0.069389  
-0.189024 -0.278383 1.403798  -0.255705 -0.276123 1.210332  -0.299408 -0.176333 1.168705  -0.292024 0.027192 1.270649  -0.208248 0.340484 1.420835  -0.250685 -0.423461 1.144563  -0.232602 -0.506410 0.904934  -0.179994 -0.529588 0.602869  -0.291540 -0.358491 0.753601  -0.275622 -0.351626 0.551455  -0.323166 -0.417206 0.254639  -0.402423 -0.434611 0.069570  -0.293332 -0.209960 0.758952  -0.324329 -0.208004 0.557763  -0.391282 -0.183048 0.262404  -0.436905 -0.205837 0.066806  
-0.189674 -0.283270 1.406300  -0.257724 -0.273687 1.213395  -0.295791 -0.172845 1.170601  -0.281298 0.030388 1.272507  -0.214835 0.345230 1.428035  -0.248420 -0.420541 1.147081  -0.233799 -0.505542 0.908151  -0.182550 -0.529855 0.606009  -0.283278 -0.356646 0.755964  -0.273231 -0.351395 0.553990  -0.324240 -0.417001 0.257768  -0.403133 -0.441052 0.073291  -0.294933 -0.208765 0.760876  -0.323464 -0.208260 0.559430  -0.393712 -0.175199 0.265719  -0.432809 -0.203547 0.069447  
-0.187430 -0.280610 1.405435  -0.256380 -0.270396 1.212844  -0.299826 -0.170785 1.171014  -0.290837 0.031283 1.275842  -0.209540 0.343246 1.430125  -0.253458 -0.418352 1.148383  -0.224288 -0.498982 0.908867  -0.179910 -0.524971 0.605628  -0.284531 -0.355465 0.757240  -0.276206 -0.351684 0.555232  -0.318304 -0.409334 0.256014  -0.400889 -0.440833 0.074302  -0.298424 -0.207669 0.760921  -0.323370 -0.207596 0.558752  -0.393296 -0.185517 0.263765  -0.434265 -0.201351 0.066443  
-0.185325 -0.283497 1.405824  -0.255429 -0.273885 1.213624  -0.298204 -0.173279 1.172179  -0.288254 0.031270 1.272175  -0.209052 0.342321 1.429390  -0.252372 -0.421141 1.147023  -0.231464 -0.495117 0.904470  -0.179265 -0.528323 0.602923  -0.292008 -0.356831 0.756591  -0.274707 -0.350079 0.554958  -0.321040 -0.413582 0.257439  -0.401563 -0.443977 0.074598  -0.295525 -0.207805 0.762459  -0.323738 -0.206837 0.561348  -0.387634 -0.183807 0.265431  -0.438239 -0.200296 0.070470  
-0.183460 -0.280625 1.408143  -0.254007 -0.270681 1.216181  -0.301382 -0.173434 1.173753  -0.296142 0.030765 1.274222  -0.206772 0.345026 1.419021  -0.251182 -0.418528 1.152153  -0.238225 -0.498027 0.911333  -0.178750 -0.529250 0.611027  -0.285292 -0.357138 0.759757  -0.273470 -0.352055 0.557191  -0.320419 -0.414946 0.259437  -0.399526 -0.437690 0.074840  -0.292254 -0.208761 0.763903  -0.323703 -0.208842 0.562615  -0.388563 -0.181694 0.266891  -0.436241 -0.206585 0.072025  
-0.187104 -0.280152 1.405471  -0.254344 -0.273779 1.212126  -0.297254 -0.171706 1.171736  -0.297673 0.030931 1.276778  -0.201222 0.341916 1.424320  -0.250375 -0.421498 1.145335  -0.234915 -0.496662 0.902328  -0.180567 -0.522233 0.600441  -0.288347 -0.355465 0.755985  -0.270245 -0.348571 0.554103  -0.326530 -0.419056 0.260030  -0.398492 -0.439718 0.072347  -0.294200 -0.207154 0.761837  -0.325231 -0.207398 0.561532  -0.386482 -0.183571 0.265380  -0.434926 -0.204759 0.070365  
-0.187126 -0.281132 1.402715  -0.253271 -0.267175 1.209241  -0.293763 -0.166145 1.166863  -0.292177 0.035173 1.273925  -0.207142 0.342443 1.435513  -0.250781 -0.415885 1.146663  -0.233247 -0.511009 0.911627  -0.185406 -0.532078 0.608434  -0.284918 -0.356241 0.754627  -0.274407 -0.353317 0.552338  -0.322356 -0.417117 0.255172  -0.399402 -0.439624 0.069703  -0.297260 -0.208337 0.757072  -0.325666 -0.210375 0.554994  -0.387867 -0.179382 0.259013  -0.439125 -0.208253 0.065588  
-0.184153 -0.282453 1.403421  -0.258187 -0.270127 1.212960  -0.296466 -0.168139 1.170270  -0.293003 0.034171 1.275291  -0.203001 0.344854 1.427368  -0.252280 -0.417913 1.148380  -0.236279 -0.503528 0.909688  -0.182642 -0.531656 0.608283  -0.293256 -0.356554 0.756676  -0.274166 -0.351855 0.554647  -0.322550 -0.421015 0.258585  -0.399676 -0.432439 0.072123  -0.294043 -0.208127 0.760970  -0.324433 -0.208637 0.559820  -0.387658 -0.175405 0.264538  -0.436375 -0.201749 0.070148  
-0.189155 -0.278060 1.399422  -0.262864 -0.268955 1.209059  -0.299460 -0.167418 1.164687  -0.294448 0.033110 1.272956  -0.200179 0.340823 1.428441  -0.245630 -0.416297 1.144570  -0.231527 -0.504143 0.906684  -0.178604 -0.527344 0.604749  -0.299256 -0.358772 0.753488  -0.271982 -0.352841 0.552643  -0.323101 -0.415783 0.255878  -0.400829 -0.437162 0.070582  -0.290498 -0.210548 0.755604  -0.322698 -0.209803 0.554824  -0.387476 -0.182477 0.259313  -0.438222 -0.209672 0.065567  
-0.187826 -0.279249 1.400727  -0.257408 -0.270413 1.208411  -0.298317 -0.169545 1.166605  -0.290210 0.030639 1.274982  -0.206391 0.340556 1.432003  -0.253571 -0.418497 1.144093  -0.227311 -0.501677 0.904967  -0.181648 -0.522028 0.601369  -0.282071 -0.355051 0.753292  -0.274366 -0.351830 0.551391  -0.321159 -0.410872 0.253152  -0.402327 -0.447054 0.071675  -0.298227 -0.207503 0.756747  -0.325802 -0.209491 0.555015  -0.389801 -0.182041 0.259214  -0.440035 -0.206847 0.064994  
-0.190059 -0.278544 1.401692  -0.258743 -0.270543 1.208855  -0.294923 -0.168334 1.165673  -0.293941 0.031467 1.275145  -0.197752 0.342012 1.423622  -0.246904 -0.417925 1.143781  -0.230221 -0.503729 0.904787  -0.182124 -0.528949 0.602123  -0.287452 -0.358505 0.752981  -0.274923 -0.355630 0.551156  -0.324808 -0.413996 0.253187  -0.403341 -0.444297 0.069471  -0.297666 -0.210448 0.756553  -0.323160 -0.211965 0.555064  -0.386697 -0.176212 0.260346  -0.438532 -0.208271 0.067660  
-0.188766 -0.279534 1.401845  -0.255333 -0.270575 1.208320  -0.292179 -0.168678 1.165616  -0.298791 0.031256 1.273991  -0.193086 0.337351 1.425151  -0.243815 -0.417645 1.143112  -0.232673 -0.495905 0.901288  -0.179293 -0.523445 0.599725  -0.280650 -0.357133 0.752593  -0.274282 -0.355724 0.552098  -0.319829 -0.407940 0.252546  -0.403187 -0.442229 0.071721  -0.299635 -0.209998 0.756211  -0.324049 -0.212571 0.554298  -0.388867 -0.180681 0.259248  -0.439189 -0.205598 0.065085  
-0.189292 -0.278524 1.402645  -0.258197 -0.269869 1.210108  -0.294847 -0.166644 1.167849  -0.294381 0.033779 1.276996  -0.200388 0.344727 1.426182  -0.256604 -0.417996 1.145546  -0.240524 -0.504934 0.907032  -0.183785 -0.537210 0.606569  -0.286918 -0.355109 0.754023  -0.272707 -0.351878 0.551881  -0.324950 -0.413214 0.254646  -0.402469 -0.437568 0.069575  -0.291581 -0.206752 0.758124  -0.323400 -0.209169 0.557500  -0.385591 -0.175002 0.262302  -0.439736 -0.209614 0.070695  
-0.188894 -0.278981 1.404019  -0.259415 -0.263244 1.212355  -0.298375 -0.162591 1.168569  -0.291458 0.038530 1.275338  -0.199221 0.346761 1.430964  -0.248677 -0.411247 1.149024  -0.236954 -0.495008 0.909227  -0.175423 -0.525689 0.609142  -0.291836 -0.354965 0.757487  -0.273450 -0.353671 0.555846  -0.322340 -0.415455 0.258371  -0.403310 -0.441731 0.075088  -0.296546 -0.206601 0.759308  -0.325470 -0.211067 0.557856  -0.387569 -0.179721 0.262071  -0.436819 -0.209895 0.068365  
-0.187277 -0.279694 1.404650  -0.256771 -0.267873 1.212556  -0.300217 -0.168195 1.169878  -0.298663 0.034544 1.273789  -0.200615 0.342716 1.425948  -0.246269 -0.415404 1.148013  -0.232010 -0.501933 0.909557  -0.182492 -0.531518 0.607598  -0.292599 -0.355575 0.756725  -0.272909 -0.350635 0.554492  -0.325801 -0.417747 0.258865  -0.397594 -0.438236 0.071072  -0.294675 -0.206796 0.760460  -0.321195 -0.206761 0.558759  -0.388095 -0.178990 0.263707  -0.437007 -0.205899 0.069438  
-0.187605 -0.282921 1.404324  -0.260234 -0.269784 1.213322  -0.294414 -0.166950 1.170525  -0.289164 0.035056 1.275987  -0.201420 0.346355 1.428111  -0.251731 -0.417173 1.148565  -0.232776 -0.505447 0.911100  -0.184540 -0.529913 0.608214  -0.276818 -0.353595 0.756208  -0.277117 -0.349091 0.553533  -0.325537 -0.425434 0.259324  -0.403688 -0.438706 0.073414  -0.300996 -0.207256 0.761293  -0.325641 -0.205349 0.559323  -0.389409 -0.187147 0.262897  -0.435115 -0.206440 0.066952  
-0.186472 -0.282456 1.405808  -0.260380 -0.272358 1.214893  -0.295448 -0.169815 1.171794  -0.286438 0.035388 1.270555  -0.206062 0.345330 1.429363  -0.252063 -0.419668 1.149815  -0.232821 -0.505620 0.911559  -0.187233 -0.534491 0.608511  -0.280513 -0.356248 0.757999  -0.272991 -0.351669 0.555639  -0.323650 -0.412913 0.258404  -0.402852 -0.439127 0.074345  -0.291306 -0.208224 0.762200  -0.322641 -0.208239 0.560861  -0.389904 -0.179667 0.265972  -0.435782 -0.205278 0.070774  
-0.184123 -0.285400 1.407937  -0.256394 -0.271352 1.216766  -0.296885 -0.169616 1.174922  -0.289276 0.033535 1.278266  -0.203470 0.346146 1.428837  -0.253843 -0.418989 1.151137  -0.235890 -0.499560 0.910525  -0.182143 -0.526072 0.608945  -0.282706 -0.354244 0.760229  -0.272206 -0.350166 0.558324  -0.321622 -0.414698 0.261495  -0.400019 -0.442462 0.077311  -0.291719 -0.206195 0.764973  -0.321802 -0.206917 0.563853  -0.387476 -0.179658 0.268527  -0.435000 -0.204615 0.073665  
-0.187453 -0.280742 1.406183  -0.256709 -0.268465 1.213672  -0.294049 -0.165854 1.171265  -0.287939 0.034739 1.279652  -0.204585 0.350505 1.424939  -0.254898 -0.416768 1.149066  -0.234704 -0.499883 0.909165  -0.180815 -0.528461 0.607789  -0.287135 -0.355083 0.758218  -0.271668 -0.351750 0.556142  -0.323200 -0.412669 0.259023  -0.401201 -0.437790 0.074311  -0.293387 -0.206390 0.761349  -0.322944 -0.209122 0.560143  -0.387149 -0.176344 0.265060  -0.434998 -0.200631 0.070194  
-0.185978 -0.281696 1.403196  -0.260023 -0.266581 1.212804  -0.296642 -0.164426 1.169645  -0.289413 0.036423 1.277665  -0.204616 0.348544 1.429882  -0.246289 -0.413860 1.148734  -0.229441 -0.498595 0.909734  -0.181550 -0.531430 0.607829  -0.280319 -0.354494 0.756756  -0.270820 -0.350662 0.554351  -0.325801 -0.417874 0.259074  -0.400498 -0.431584 0.071791  -0.297901 -0.207031 0.759997  -0.324520 -0.208620 0.558126  -0.390919 -0.174934 0.263332  -0.435874 -0.206267 0.068734  
-0.187117 -0.282065 1.403689  -0.258054 -0.268865 1.212017  -0.298750 -0.167552 1.169503  -0.291433 0.036249 1.271711  -0.205272 0.343867 1.432066  -0.248770 -0.416396 1.146672  -0.225819 -0.497318 0.906325  -0.181426 -0.521444 0.603005  -0.286354 -0.354890 0.755567  -0.274364 -0.350218 0.552833  -0.322534 -0.416584 0.256073  -0.401897 -0.434700 0.071080  -0.294750 -0.206271 0.759938  -0.324452 -0.207155 0.559054  -0.388036 -0.179258 0.263509  -0.435838 -0.211958 0.069892  
-0.193246 -0.282221 1.402656  -0.268193 -0.265948 1.212335  -0.299752 -0.162500 1.168649  -0.297524 0.037739 1.277887  -0.195491 0.343558 1.432263  -0.249670 -0.412453 1.147592  -0.233776 -0.491443 0.905721  -0.179843 -0.522981 0.604180  -0.282826 -0.353920 0.756688  -0.271757 -0.355180 0.555749  -0.327036 -0.411243 0.258238  -0.402064 -0.434919 0.072091  -0.297378 -0.206123 0.758672  -0.318607 -0.212037 0.556857  -0.391744 -0.179012 0.264038  -0.437859 -0.203103 0.068746  
-0.185751 -0.283930 1.404266  -0.255339 -0.265050 1.212255  -0.297307 -0.164339 1.170499  -0.296236 0.038994 1.273451  -0.199296 0.346589 1.427508  -0.247320 -0.412749 1.147798  -0.228296 -0.498868 0.909258  -0.178951 -0.529959 0.607373  -0.274937 -0.350262 0.756937  -0.275683 -0.349399 0.555296  -0.318240 -0.416139 0.257889  -0.402142 -0.439921 0.075581  -0.302976 -0.204626 0.760576  -0.327149 -0.207241 0.558550  -0.386422 -0.175334 0.262293  -0.436603 -0.205761 0.068872  
-0.189116 -0.279141 1.403662  -0.259756 -0.264698 1.212526  -0.295355 -0.162305 1.168756  -0.291714 0.039769 1.274413  -0.208343 0.349569 1.432050  -0.249927 -0.412823 1.148487  -0.231447 -0.498877 0.909819  -0.179179 -0.528381 0.608250  -0.284567 -0.354664 0.756825  -0.272663 -0.351374 0.554788  -0.326581 -0.414689 0.258621  -0.399476 -0.435645 0.071323  -0.299516 -0.207017 0.760136  -0.325336 -0.209160 0.558657  -0.385624 -0.181045 0.262404  -0.437631 -0.203004 0.068349  
-0.187123 -0.275581 1.402161  -0.254762 -0.268007 1.209203  -0.295941 -0.166800 1.166007  -0.299405 0.036777 1.268762  -0.209453 0.345032 1.425767  -0.246992 -0.416235 1.144800  -0.231110 -0.507147 0.907819  -0.182146 -0.526897 0.604917  -0.282552 -0.356412 0.753316  -0.274206 -0.353709 0.551156  -0.322299 -0.412090 0.252982  -0.402785 -0.437507 0.069385  -0.289444 -0.208193 0.757027  -0.324020 -0.210546 0.557047  -0.390752 -0.177332 0.262816  -0.440868 -0.202829 0.068713  
-0.185288 -0.279439 1.404332  -0.249179 -0.266617 1.210423  -0.294579 -0.168735 1.167294  -0.296957 0.034852 1.269147  -0.215868 0.347944 1.421181  -0.242575 -0.414777 1.148009  -0.225862 -0.505673 0.911798  -0.183677 -0.525358 0.607981  -0.282900 -0.357836 0.755404  -0.276216 -0.355077 0.552800  -0.320636 -0.418425 0.254922  -0.401302 -0.437942 0.070654  -0.291947 -0.209685 0.758028  -0.320986 -0.209996 0.556370  -0.389708 -0.177773 0.262065  -0.436835 -0.204728 0.067342  
-0.186467 -0.281051 1.405411  -0.253660 -0.271789 1.212174  -0.299744 -0.174424 1.168871  -0.301839 0.034264 1.259249  -0.222037 0.350831 1.404533  -0.249424 -0.419973 1.149229  -0.232912 -0.502261 0.909482  -0.181348 -0.525818 0.607132  -0.290462 -0.361245 0.755861  -0.273604 -0.350302 0.553292  -0.323022 -0.418750 0.257275  -0.401248 -0.433258 0.071479  -0.287169 -0.212405 0.760679  -0.320647 -0.206170 0.560738  -0.385962 -0.185571 0.265222  -0.433754 -0.204892 0.069840  
-0.182964 -0.277958 1.404315  -0.248908 -0.267873 1.211050  -0.294698 -0.168872 1.168126  -0.302013 0.039993 1.258994  -0.229248 0.354701 1.411988  -0.240692 -0.416070 1.147286  -0.229072 -0.493540 0.905484  -0.179846 -0.523498 0.603488  -0.283964 -0.358082 0.755588  -0.274164 -0.354459 0.553167  -0.321851 -0.412894 0.254894  -0.404273 -0.442096 0.072712  -0.289935 -0.209798 0.759548  -0.322952 -0.210892 0.559231  -0.384026 -0.176051 0.263943  -0.438806 -0.203512 0.071367  
-0.183106 -0.283730 1.404243  -0.258084 -0.274802 1.213445  -0.295814 -0.172830 1.171255  -0.314763 0.038974 1.252386  -0.245339 0.358480 1.396632  -0.249267 -0.421366 1.146723  -0.231334 -0.505087 0.907549  -0.179631 -0.521043 0.604519  -0.280580 -0.354923 0.756345  -0.274990 -0.349541 0.554302  -0.319986 -0.415556 0.257190  -0.404109 -0.443496 0.075593  -0.293380 -0.207024 0.761657  -0.324283 -0.206275 0.560504  -0.385411 -0.179509 0.264075  -0.435553 -0.210279 0.070692  
-0.183349 -0.285408 1.401646  -0.247606 -0.271623 1.207449  -0.293504 -0.171944 1.165601  -0.318955 0.038704 1.248447  -0.250844 0.362548 1.383419  -0.248212 -0.419526 1.142009  -0.228638 -0.501954 0.902101  -0.177640 -0.519563 0.599386  -0.284687 -0.355999 0.751617  -0.271784 -0.352405 0.550728  -0.326507 -0.415685 0.254985  -0.402979 -0.435684 0.069064  -0.288461 -0.207649 0.756071  -0.322129 -0.209401 0.555528  -0.387316 -0.179776 0.260325  -0.437237 -0.203380 0.065894  
-0.179523 -0.286093 1.402259  -0.249847 -0.271714 1.210705  -0.298265 -0.175186 1.167381  -0.325434 0.038806 1.238849  -0.276380 0.371094 1.360703  -0.246996 -0.419632 1.146033  -0.231556 -0.504536 0.907053  -0.175269 -0.519273 0.605152  -0.284385 -0.358661 0.754465  -0.274134 -0.353215 0.552412  -0.317869 -0.413056 0.254071  -0.400374 -0.443088 0.072110  -0.284217 -0.209008 0.758594  -0.321789 -0.209366 0.558847  -0.384162 -0.180997 0.262982  -0.435806 -0.202326 0.068751  
-0.179131 -0.289208 1.403375  -0.249597 -0.271980 1.211498  -0.298282 -0.175818 1.168119  -0.329763 0.039591 1.233715  -0.282028 0.374903 1.347605  -0.239992 -0.419193 1.147463  -0.228680 -0.506926 0.909824  -0.175175 -0.522090 0.607547  -0.280926 -0.358914 0.755265  -0.272437 -0.353543 0.552903  -0.318998 -0.418805 0.255996  -0.401441 -0.434819 0.072219  -0.284588 -0.210389 0.758943  -0.318128 -0.208818 0.557738  -0.386761 -0.178371 0.263041  -0.434738 -0.209648 0.069147  
-0.179867 -0.288001 1.400619  -0.252117 -0.275444 1.209030  -0.298397 -0.176160 1.165894  -0.334668 0.041445 1.222733  -0.300832 0.384621 1.316643  -0.237325 -0.422112 1.142279  -0.220357 -0.504303 0.902189  -0.173319 -0.515749 0.598265  -0.284847 -0.359869 0.752269  -0.273913 -0.355720 0.550085  -0.320805 -0.414075 0.251692  -0.400622 -0.438155 0.067619  -0.283744 -0.211038 0.756932  -0.319495 -0.211356 0.557327  -0.383309 -0.179442 0.262393  -0.434637 -0.201506 0.068201  
-0.181462 -0.290702 1.400841  -0.251948 -0.280024 1.208538  -0.298422 -0.182430 1.165868  -0.341435 0.035715 1.212533  -0.308874 0.382363 1.292782  -0.240374 -0.426148 1.141741  -0.224731 -0.505747 0.901126  -0.172009 -0.515125 0.598240  -0.282059 -0.360718 0.750972  -0.270940 -0.353296 0.549003  -0.314034 -0.417181 0.251307  -0.396490 -0.430322 0.067315  -0.284806 -0.211846 0.756660  -0.318983 -0.209499 0.555976  -0.384931 -0.175824 0.261271  -0.435273 -0.210491 0.068597  
-0.180441 -0.289215 1.399465  -0.246942 -0.276761 1.205507  -0.299758 -0.182380 1.162424  -0.354348 0.035112 1.198530  -0.327330 0.387245 1.252664  -0.237355 -0.423580 1.140224  -0.221564 -0.503938 0.899990  -0.165080 -0.517058 0.598120  -0.285193 -0.362658 0.748226  -0.270055 -0.355867 0.545805  -0.322539 -0.410106 0.247244  -0.402306 -0.443997 0.064647  -0.282651 -0.213087 0.753640  -0.317091 -0.211712 0.553346  -0.387977 -0.178513 0.259920  -0.434416 -0.207835 0.065418  
-0.180041 -0.287879 1.398044  -0.247035 -0.274143 1.204549  -0.303889 -0.182775 1.160147  -0.360088 0.035286 1.188888  -0.347543 0.391524 1.213001  -0.233187 -0.421379 1.140612  -0.217385 -0.497681 0.899011  -0.162883 -0.517043 0.596951  -0.290094 -0.366150 0.749370  -0.271150 -0.357429 0.547042  -0.319329 -0.408705 0.247677  -0.399788 -0.439088 0.064840  -0.279237 -0.214310 0.751865  -0.317170 -0.212895 0.551944  -0.386697 -0.180140 0.257992  -0.437831 -0.207722 0.064391  
-0.177166 -0.291242 1.400897  -0.243925 -0.281343 1.207056  -0.300112 -0.188184 1.164476  -0.370158 0.027585 1.163810  -0.353790 0.384432 1.168305  -0.236254 -0.428136 1.139851  -0.219386 -0.502418 0.897788  -0.158657 -0.518145 0.596672  -0.277268 -0.360571 0.749403  -0.269596 -0.352866 0.547379  -0.317172 -0.420804 0.251489  -0.398571 -0.434076 0.067037  -0.278094 -0.211649 0.755719  -0.317252 -0.209101 0.555902  -0.386453 -0.179013 0.261773  -0.431967 -0.201278 0.066097  
-0.175837 -0.291140 1.402128  -0.241641 -0.281255 1.207748  -0.299370 -0.188918 1.165653  -0.369474 0.026296 1.150787  -0.364116 0.382989 1.131639  -0.232072 -0.427781 1.140317  -0.223698 -0.508735 0.900037  -0.155607 -0.523626 0.600674  -0.276511 -0.360280 0.750198  -0.268868 -0.351944 0.548208  -0.316506 -0.417078 0.251426  -0.399090 -0.438509 0.068262  -0.281151 -0.211532 0.756726  -0.317269 -0.208329 0.556349  -0.384755 -0.176950 0.261708  -0.435248 -0.209429 0.068688  
-0.177396 -0.292803 1.404049  -0.248076 -0.284917 1.211087  -0.301603 -0.192184 1.167753  -0.371258 0.018693 1.122723  -0.375360 0.371439 1.066580  -0.228581 -0.429072 1.142298  -0.217664 -0.503802 0.900161  -0.154983 -0.514339 0.599444  -0.270600 -0.360177 0.751829  -0.268432 -0.350998 0.549548  -0.314796 -0.413328 0.251916  -0.404998 -0.442475 0.073463  -0.277872 -0.212042 0.759441  -0.319280 -0.208435 0.560278  -0.379858 -0.180273 0.263903  -0.433491 -0.207231 0.070894  
-0.179382 -0.290553 1.401993  -0.246116 -0.287468 1.208075  -0.300922 -0.194529 1.164652  -0.377573 0.012679 1.114261  -0.390150 0.359343 1.029028  -0.232078 -0.432706 1.139055  -0.220522 -0.499313 0.894409  -0.153403 -0.528161 0.595824  -0.286648 -0.364124 0.749662  -0.269876 -0.354558 0.547729  -0.318422 -0.408154 0.248723  -0.403886 -0.448878 0.070201  -0.274480 -0.214335 0.757244  -0.313404 -0.209635 0.558416  -0.384565 -0.180657 0.264939  -0.432628 -0.210149 0.070909  
-0.180797 -0.284667 1.400002  -0.247286 -0.282437 1.206224  -0.306164 -0.192718 1.162478  -0.384613 0.005885 1.088450  -0.390867 0.341852 0.967429  -0.230204 -0.427921 1.138488  -0.218223 -0.504929 0.897096  -0.156894 -0.516288 0.595852  -0.279778 -0.359258 0.748861  -0.261875 -0.352739 0.547379  -0.320669 -0.416587 0.252485  -0.396826 -0.436893 0.066457  -0.276094 -0.210709 0.754391  -0.313176 -0.210081 0.554129  -0.385506 -0.181208 0.260274  -0.439140 -0.210282 0.067542  
-0.177495 -0.285256 1.400665  -0.242894 -0.283399 1.206170  -0.302665 -0.192848 1.163470  -0.389231 -0.003372 1.074905  -0.394205 0.321564 0.926705  -0.230827 -0.429432 1.136690  -0.220377 -0.500550 0.892961  -0.153678 -0.515598 0.593205  -0.275998 -0.358424 0.747734  -0.266929 -0.349259 0.546058  -0.320163 -0.421441 0.251982  -0.401515 -0.438614 0.067840  -0.276720 -0.209491 0.755492  -0.318735 -0.207117 0.556715  -0.379297 -0.180885 0.260316  -0.435228 -0.212089 0.068629  
-0.176620 -0.286052 1.402757  -0.240766 -0.288096 1.207864  -0.300967 -0.197871 1.166021  -0.366653 -0.025804 1.038810  -0.362486 0.282605 0.858860  -0.233433 -0.434725 1.138849  -0.220000 -0.502278 0.894695  -0.154431 -0.512333 0.594583  -0.274893 -0.360695 0.749990  -0.265352 -0.352566 0.548414  -0.321069 -0.418473 0.253250  -0.400438 -0.437071 0.068369  -0.277745 -0.212666 0.757205  -0.315135 -0.209480 0.557495  -0.380712 -0.179034 0.262080  -0.435835 -0.208564 0.069816  
-0.178706 -0.282745 1.404489  -0.234763 -0.292604 1.207360  -0.294254 -0.201766 1.166633  -0.368617 -0.028589 1.044912  -0.349900 0.266198 0.844028  -0.231623 -0.439460 1.138355  -0.215541 -0.498449 0.892110  -0.158130 -0.523575 0.591024  -0.268773 -0.364879 0.748728  -0.266329 -0.353826 0.546508  -0.319958 -0.416889 0.250217  -0.402982 -0.442378 0.067759  -0.276568 -0.216669 0.757535  -0.311428 -0.209298 0.557104  -0.382828 -0.177291 0.263477  -0.434865 -0.202661 0.069808  
-0.179896 -0.278454 1.405744  -0.236684 -0.288372 1.209258  -0.294450 -0.197720 1.167308  -0.373523 -0.043896 1.027880  -0.342677 0.224014 0.793644  -0.228666 -0.434960 1.141429  -0.216441 -0.501369 0.897186  -0.160903 -0.524977 0.595851  -0.268919 -0.364440 0.751561  -0.268473 -0.357580 0.549714  -0.313658 -0.410962 0.250156  -0.403101 -0.446745 0.072529  -0.275081 -0.216223 0.758320  -0.311270 -0.212572 0.558094  -0.381251 -0.181680 0.264048  -0.433657 -0.203550 0.070058  
-0.178485 -0.279271 1.408064  -0.245013 -0.281784 1.214028  -0.304208 -0.192515 1.168755  -0.385146 -0.041145 1.021585  -0.347434 0.197372 0.766615  -0.236320 -0.429708 1.148842  -0.220362 -0.498229 0.905835  -0.157629 -0.515563 0.604783  -0.272582 -0.365426 0.756172  -0.264726 -0.355263 0.553727  -0.319441 -0.414560 0.256800  -0.399051 -0.434632 0.072148  -0.271180 -0.215951 0.761784  -0.310140 -0.210635 0.562196  -0.378530 -0.179880 0.267569  -0.435702 -0.207709 0.075668  
-0.183590 -0.276135 1.404933  -0.244139 -0.280715 1.209281  -0.305471 -0.192679 1.164794  -0.398247 -0.053755 1.013343  -0.357758 0.160054 0.735252  -0.228048 -0.427316 1.142970  -0.216390 -0.497452 0.899680  -0.153346 -0.521674 0.599855  -0.270052 -0.363525 0.751208  -0.266891 -0.355918 0.548682  -0.319992 -0.415486 0.251523  -0.401170 -0.441302 0.068274  -0.274054 -0.214380 0.757519  -0.312107 -0.211371 0.558109  -0.379917 -0.180263 0.263801  -0.432470 -0.207180 0.070522  
-0.181841 -0.271280 1.404114  -0.245430 -0.280839 1.209485  -0.302400 -0.190752 1.164440  -0.406460 -0.059857 1.012896  -0.396575 0.141449 0.718116  -0.233605 -0.427902 1.143681  -0.219581 -0.499394 0.901025  -0.158272 -0.519427 0.600553  -0.282378 -0.365123 0.752424  -0.265952 -0.356828 0.550521  -0.318795 -0.417729 0.253691  -0.402546 -0.435101 0.070623  -0.269867 -0.214282 0.757195  -0.311018 -0.212075 0.557947  -0.379922 -0.178455 0.263932  -0.436831 -0.204120 0.071681  
-0.182211 -0.274447 1.404892  -0.247131 -0.276847 1.210268  -0.305488 -0.187496 1.163979  -0.398884 -0.075202 0.992416  -0.390542 0.103635 0.689216  -0.237474 -0.425124 1.146124  -0.219986 -0.491490 0.902088  -0.161102 -0.520610 0.601634  -0.278843 -0.364476 0.752907  -0.265069 -0.357090 0.550490  -0.317825 -0.417217 0.253283  -0.398795 -0.434945 0.068968  -0.266442 -0.215156 0.757503  -0.309013 -0.212012 0.558808  -0.379828 -0.180426 0.265138  -0.433311 -0.201866 0.071410  
-0.183711 -0.270247 1.404785  -0.245698 -0.274789 1.209077  -0.303890 -0.185323 1.164004  -0.402778 -0.072521 0.995364  -0.400724 0.083019 0.676644  -0.233311 -0.422222 1.144054  -0.217578 -0.489302 0.899986  -0.158249 -0.514658 0.599479  -0.267399 -0.361273 0.751038  -0.266410 -0.355159 0.548299  -0.322111 -0.415714 0.251697  -0.400987 -0.440674 0.067308  -0.276302 -0.212824 0.756636  -0.309202 -0.209765 0.556328  -0.380825 -0.179851 0.262851  -0.435238 -0.211205 0.070767  
-0.183196 -0.272669 1.405131  -0.249150 -0.277092 1.210818  -0.306065 -0.187756 1.164087  -0.387194 -0.088394 0.979896  -0.375008 0.038743 0.654013  -0.240648 -0.425782 1.147834  -0.222835 -0.492069 0.903718  -0.163984 -0.516454 0.603003  -0.284948 -0.368799 0.754369  -0.264798 -0.361038 0.552097  -0.320618 -0.417005 0.254542  -0.399447 -0.440134 0.069884  -0.268178 -0.217921 0.757397  -0.307585 -0.215391 0.557582  -0.378740 -0.177308 0.264541  -0.434690 -0.201839 0.071843  
-0.184736 -0.267223 1.405837  -0.248830 -0.274739 1.211319  -0.307456 -0.186111 1.165440  -0.402336 -0.090032 0.984750  -0.388289 0.034406 0.653554  -0.239858 -0.423353 1.147642  -0.217785 -0.490506 0.904105  -0.169461 -0.507855 0.601111  -0.266825 -0.362633 0.754180  -0.265915 -0.358137 0.551428  -0.319002 -0.413313 0.253348  -0.401495 -0.438761 0.070624  -0.274400 -0.214106 0.758204  -0.307436 -0.212249 0.557528  -0.379019 -0.175526 0.264604  -0.432057 -0.201890 0.071355  
-0.184107 -0.269698 1.407137  -0.248408 -0.277117 1.212405  -0.306314 -0.186886 1.167525  -0.394667 -0.098431 0.979434  -0.379175 0.006698 0.641801  -0.241977 -0.425242 1.146858  -0.223777 -0.491018 0.902636  -0.172761 -0.511819 0.600263  -0.265566 -0.360941 0.753764  -0.267698 -0.354791 0.551260  -0.316015 -0.412189 0.252754  -0.403985 -0.447167 0.074202  -0.276598 -0.212919 0.760386  -0.312524 -0.210173 0.560931  -0.372997 -0.182937 0.264877  -0.437785 -0.202241 0.074460  
-0.184410 -0.268288 1.406738  -0.250606 -0.277844 1.213031  -0.311110 -0.188950 1.168433  -0.401593 -0.098486 0.983423  -0.376018 -0.018518 0.636345  -0.243871 -0.426202 1.147028  -0.222452 -0.488208 0.902069  -0.169723 -0.500418 0.599519  -0.272450 -0.360168 0.755147  -0.266818 -0.353964 0.552985  -0.318080 -0.412818 0.255359  -0.402523 -0.446315 0.074848  -0.276583 -0.211575 0.760828  -0.310911 -0.208965 0.560353  -0.379801 -0.184748 0.265461  -0.432237 -0.204292 0.071236  
-0.184033 -0.271773 1.406114  -0.251232 -0.278790 1.212572  -0.312387 -0.190064 1.168810  -0.401966 -0.088997 0.988244  -0.376878 -0.035817 0.636029  -0.245320 -0.426948 1.146183  -0.227433 -0.491216 0.901494  -0.166133 -0.508237 0.600581  -0.269861 -0.358145 0.754385  -0.267401 -0.349987 0.552157  -0.317793 -0.420829 0.257137  -0.399577 -0.438394 0.073204  -0.282747 -0.209897 0.760926  -0.315046 -0.206157 0.560200  -0.378530 -0.183800 0.263804  -0.432273 -0.198375 0.069478  
-0.185429 -0.270672 1.406597  -0.253553 -0.278060 1.213697  -0.314076 -0.189818 1.168804  -0.397748 -0.083658 0.988183  -0.370643 -0.043569 0.634389  -0.241818 -0.425639 1.148016  -0.229094 -0.486824 0.902433  -0.174371 -0.501642 0.600388  -0.270716 -0.361332 0.755403  -0.264935 -0.351696 0.553227  -0.321390 -0.418484 0.258454  -0.399397 -0.439532 0.073266  -0.279805 -0.212328 0.761657  -0.312145 -0.207732 0.560929  -0.378459 -0.184502 0.265384  -0.433577 -0.203242 0.071827  
-0.183885 -0.271523 1.405613  -0.255185 -0.279532 1.213472  -0.311603 -0.188988 1.168749  -0.393812 -0.078432 0.989762  -0.370187 -0.054047 0.634286  -0.247266 -0.426995 1.147430  -0.226617 -0.489930 0.902945  -0.174646 -0.497193 0.600152  -0.272419 -0.359960 0.755261  -0.265164 -0.352030 0.553101  -0.320459 -0.420989 0.258578  -0.398441 -0.434788 0.072694  -0.280881 -0.211714 0.761102  -0.311631 -0.207722 0.559673  -0.379087 -0.185498 0.264073  -0.433729 -0.207738 0.070714  
-0.186295 -0.270597 1.405804  -0.256383 -0.276093 1.213507  -0.318366 -0.188010 1.168774  -0.404041 -0.082674 0.989493  -0.356262 -0.049134 0.637208  -0.245908 -0.424113 1.148989  -0.229003 -0.491932 0.905499  -0.176245 -0.502383 0.602917  -0.267450 -0.360189 0.755651  -0.268980 -0.354993 0.553270  -0.321593 -0.415504 0.256140  -0.398926 -0.445699 0.071888  -0.286619 -0.212875 0.761144  -0.316722 -0.211095 0.559973  -0.377672 -0.184925 0.263491  -0.433001 -0.208595 0.070530  
-0.189977 -0.268477 1.405784  -0.258627 -0.281755 1.212982  -0.314853 -0.191775 1.167707  -0.399308 -0.080967 0.989950  -0.345768 -0.048200 0.638419  -0.248187 -0.429203 1.148204  -0.227287 -0.485706 0.902174  -0.179372 -0.497457 0.598843  -0.266106 -0.364709 0.754892  -0.272352 -0.360161 0.552509  -0.316197 -0.411896 0.252318  -0.405004 -0.448594 0.074533  -0.285672 -0.217615 0.760015  -0.313548 -0.214183 0.558384  -0.383610 -0.183828 0.264244  -0.433358 -0.209020 0.069948  
-0.189630 -0.269168 1.405129  -0.255523 -0.280508 1.211414  -0.313440 -0.190285 1.167297  -0.399990 -0.079643 0.990971  -0.342835 -0.039050 0.640831  -0.249599 -0.428333 1.145420  -0.229936 -0.487223 0.899613  -0.177566 -0.493091 0.596809  -0.269806 -0.360817 0.753091  -0.269981 -0.354261 0.550900  -0.321506 -0.417299 0.254180  -0.406420 -0.440189 0.072240  -0.284247 -0.213153 0.759325  -0.317228 -0.210255 0.558585  -0.376242 -0.180739 0.262035  -0.433960 -0.208118 0.070269  
-0.187866 -0.269605 1.405412  -0.257797 -0.278079 1.213364  -0.319878 -0.189982 1.168182  -0.399206 -0.078714 0.989078  -0.342730 -0.042556 0.639046  -0.245052 -0.425743 1.148797  -0.231944 -0.491145 0.904563  -0.181120 -0.497109 0.601566  -0.272658 -0.363544 0.755127  -0.266787 -0.354108 0.552746  -0.321756 -0.425008 0.258538  -0.403781 -0.434359 0.074108  -0.286675 -0.215083 0.761578  -0.316682 -0.211033 0.560861  -0.377266 -0.183758 0.264641  -0.438620 -0.208704 0.073710  
-0.190683 -0.270919 1.403957  -0.258359 -0.281108 1.211015  -0.312713 -0.189809 1.165248  -0.395722 -0.084867 0.988469  -0.338677 -0.046902 0.638016  -0.255195 -0.429625 1.146741  -0.229410 -0.489573 0.901927  -0.184421 -0.502876 0.598014  -0.276466 -0.366046 0.753351  -0.270546 -0.358817 0.550710  -0.325501 -0.420244 0.254377  -0.399677 -0.442023 0.067687  -0.279607 -0.216841 0.758237  -0.313864 -0.213525 0.557552  -0.378627 -0.185335 0.261964  -0.434016 -0.204458 0.068501  
-0.190683 -0.269639 1.403733  -0.260731 -0.278764 1.211256  -0.318000 -0.188876 1.165502  -0.394111 -0.076669 0.984967  -0.341084 -0.048029 0.636054  -0.250544 -0.426570 1.146196  -0.224780 -0.490392 0.902266  -0.182864 -0.497287 0.597886  -0.265171 -0.362984 0.753192  -0.267962 -0.357798 0.551148  -0.321191 -0.417427 0.254300  -0.406631 -0.440933 0.072732  -0.287246 -0.215878 0.758505  -0.317306 -0.214505 0.557636  -0.376172 -0.176588 0.262201  -0.440243 -0.205171 0.072670  
-0.191901 -0.274107 1.402575  -0.261112 -0.279061 1.209377  -0.316766 -0.188521 1.163762  -0.400228 -0.073804 0.988111  -0.336236 -0.044931 0.637947  -0.254649 -0.427431 1.145081  -0.230063 -0.488113 0.899749  -0.179666 -0.500363 0.596526  -0.279541 -0.365447 0.752049  -0.270791 -0.359612 0.549662  -0.325635 -0.418028 0.252750  -0.403916 -0.445096 0.068451  -0.285500 -0.216748 0.756172  -0.313792 -0.214126 0.554480  -0.382694 -0.181767 0.260225  -0.434140 -0.209055 0.066647  
-0.191940 -0.272739 1.403563  -0.261602 -0.283903 1.210988  -0.317120 -0.192851 1.164834  -0.395063 -0.071630 0.991225  -0.348949 -0.043817 0.638220  -0.260003 -0.432870 1.146671  -0.239046 -0.486457 0.899519  -0.182356 -0.500937 0.597596  -0.281929 -0.370277 0.752913  -0.270879 -0.361802 0.550296  -0.323558 -0.418521 0.252467  -0.402024 -0.435708 0.067031  -0.279727 -0.220429 0.758286  -0.314136 -0.216478 0.557895  -0.381176 -0.178701 0.264052  -0.433954 -0.209216 0.071346  
-0.192137 -0.275672 1.406240  -0.261734 -0.282470 1.213425  -0.317245 -0.192133 1.167094  -0.386443 -0.072791 0.987782  -0.340007 -0.046878 0.634663  -0.256256 -0.431055 1.149292  -0.239169 -0.496418 0.904413  -0.181655 -0.509253 0.602812  -0.272816 -0.366646 0.755574  -0.271579 -0.361228 0.552968  -0.319697 -0.412401 0.253430  -0.406682 -0.446607 0.074269  -0.281321 -0.218250 0.760275  -0.315129 -0.216004 0.559654  -0.381193 -0.183855 0.264845  -0.432143 -0.205051 0.070394  
-0.193554 -0.273439 1.402071  -0.261963 -0.285237 1.208983  -0.316638 -0.193438 1.163978  -0.393749 -0.077557 0.986200  -0.347503 -0.032539 0.634991  -0.258160 -0.433037 1.142676  -0.235509 -0.496478 0.898340  -0.181612 -0.508471 0.596010  -0.277645 -0.365032 0.750606  -0.271419 -0.358260 0.548627  -0.330775 -0.418119 0.252895  -0.404561 -0.442113 0.066334  -0.281885 -0.216715 0.756484  -0.314817 -0.213046 0.555679  -0.383876 -0.182493 0.261374  -0.435351 -0.208598 0.067657  
-0.191653 -0.276143 1.405162  -0.260590 -0.280738 1.212383  -0.315707 -0.189740 1.165836  -0.389523 -0.073162 0.987140  -0.345247 -0.039748 0.634372  -0.256178 -0.429404 1.148641  -0.243176 -0.500941 0.906046  -0.182928 -0.510064 0.604870  -0.279104 -0.367202 0.755132  -0.272324 -0.359355 0.552699  -0.324805 -0.414363 0.254772  -0.404471 -0.441856 0.071141  -0.281977 -0.218419 0.759440  -0.313660 -0.213489 0.558582  -0.381271 -0.183511 0.263924  -0.434720 -0.208251 0.070570  
-0.191212 -0.274550 1.402499  -0.261554 -0.282623 1.210138  -0.315244 -0.191543 1.163419  -0.389031 -0.079255 0.981772  -0.343629 -0.035545 0.630271  -0.254707 -0.430905 1.145949  -0.245452 -0.504552 0.903731  -0.183954 -0.514360 0.602808  -0.273851 -0.368071 0.752836  -0.272968 -0.363009 0.550510  -0.323707 -0.414833 0.251786  -0.403547 -0.436825 0.067503  -0.281156 -0.219706 0.756758  -0.313791 -0.216925 0.555729  -0.382047 -0.178960 0.262019  -0.432992 -0.210803 0.069007  
-0.192477 -0.277434 1.401580  -0.263991 -0.283064 1.209648  -0.320105 -0.192382 1.162623  -0.377759 -0.069368 0.982569  -0.338767 -0.041836 0.628678  -0.256198 -0.431537 1.145819  -0.239542 -0.498117 0.901706  -0.187380 -0.520003 0.599076  -0.283748 -0.370849 0.752183  -0.273380 -0.364554 0.549592  -0.322311 -0.411470 0.249543  -0.402426 -0.442196 0.066597  -0.280560 -0.221690 0.756714  -0.311820 -0.217921 0.556121  -0.379823 -0.182594 0.262330  -0.434959 -0.202784 0.068950  
-0.191553 -0.273294 1.404362  -0.262689 -0.278977 1.212123  -0.320909 -0.189696 1.166301  -0.382522 -0.067892 0.986250  -0.344946 -0.034327 0.632706  -0.256115 -0.428253 1.149805  -0.239675 -0.494450 0.905583  -0.188069 -0.522791 0.603964  -0.279288 -0.369130 0.754769  -0.272047 -0.359090 0.551725  -0.322222 -0.415084 0.253356  -0.401346 -0.439348 0.068998  -0.285287 -0.219591 0.760684  -0.311954 -0.212959 0.559939  -0.383819 -0.188223 0.266250  -0.438473 -0.201881 0.072205  
-0.191133 -0.269646 1.404597  -0.265572 -0.278178 1.213743  -0.323656 -0.188364 1.167199  -0.385862 -0.066392 0.987491  -0.338173 -0.035999 0.634893  -0.263351 -0.427758 1.150667  -0.242617 -0.498861 0.908315  -0.189800 -0.526880 0.606860  -0.279988 -0.367061 0.756361  -0.273432 -0.360962 0.553771  -0.322519 -0.417558 0.255426  -0.399657 -0.442432 0.070325  -0.289182 -0.218387 0.760630  -0.314089 -0.214790 0.558603  -0.381617 -0.182676 0.264037  -0.432867 -0.206351 0.069937  
-0.191813 -0.270454 1.404212  -0.263687 -0.279648 1.212871  -0.323264 -0.191138 1.167088  -0.390355 -0.072657 0.986862  -0.342623 -0.028086 0.635790  -0.262184 -0.430161 1.152976  -0.239573 -0.498670 0.910214  -0.191591 -0.528627 0.608148  -0.279172 -0.369826 0.755624  -0.273888 -0.359196 0.552938  -0.320344 -0.422859 0.255565  -0.400833 -0.438494 0.070874  -0.279958 -0.220877 0.761738  -0.316031 -0.213630 0.561638  -0.378751 -0.181220 0.266144  -0.437436 -0.211119 0.075047  
-0.194465 -0.273298 1.404107  -0.265838 -0.278965 1.212446  -0.324260 -0.189998 1.166453  -0.387764 -0.073296 0.983728  -0.333722 -0.039292 0.632380  -0.260693 -0.428686 1.151486  -0.239572 -0.498910 0.908975  -0.186980 -0.525043 0.607328  -0.278061 -0.369204 0.755176  -0.274107 -0.359563 0.552768  -0.324458 -0.419743 0.255447  -0.398899 -0.437958 0.068484  -0.286887 -0.220714 0.761128  -0.313894 -0.213329 0.560154  -0.383213 -0.182677 0.266197  -0.433315 -0.209339 0.072229  
-0.189758 -0.274081 1.406354  -0.265432 -0.278932 1.215848  -0.323100 -0.188783 1.169112  -0.389239 -0.074191 0.985999  -0.337569 -0.038955 0.634418  -0.263814 -0.428302 1.151763  -0.240857 -0.501296 0.910111  -0.189106 -0.524138 0.608006  -0.277063 -0.364977 0.757696  -0.270296 -0.357189 0.555080  -0.328668 -0.418940 0.259376  -0.396510 -0.437240 0.069909  -0.281773 -0.215690 0.763152  -0.313599 -0.211904 0.562261  -0.378385 -0.183930 0.266770  -0.433970 -0.212650 0.074572  
-0.194628 -0.272432 1.406858  -0.266214 -0.279684 1.215475  -0.319289 -0.187319 1.168613  -0.381987 -0.065054 0.989602  -0.343139 -0.034393 0.635947  -0.266044 -0.428668 1.153115  -0.243051 -0.501199 0.911738  -0.186337 -0.525613 0.610726  -0.274527 -0.364728 0.756803  -0.273242 -0.356794 0.554069  -0.324216 -0.418354 0.256925  -0.400269 -0.445910 0.071738  -0.282112 -0.216322 0.762858  -0.316817 -0.211681 0.562726  -0.376759 -0.184193 0.266289  -0.431619 -0.204179 0.072799  
-0.191552 -0.270654 1.403450  -0.264049 -0.279673 1.212362  -0.316514 -0.187874 1.164552  -0.374671 -0.066576 0.982976  -0.338413 -0.033320 0.629270  -0.262638 -0.428920 1.150125  -0.247349 -0.507271 0.910000  -0.187217 -0.530058 0.609538  -0.278956 -0.368314 0.754584  -0.272443 -0.359248 0.552026  -0.323584 -0.416144 0.253998  -0.404296 -0.442790 0.070661  -0.277772 -0.219465 0.759283  -0.314778 -0.213708 0.559538  -0.381193 -0.185509 0.264532  -0.435707 -0.205428 0.070934  
-0.194221 -0.270241 1.406625  -0.263141 -0.277556 1.213766  -0.315968 -0.185950 1.165561  -0.372179 -0.071541 0.978950  -0.332714 -0.039759 0.625448  -0.263642 -0.427299 1.152529  -0.244705 -0.508906 0.913697  -0.189633 -0.530010 0.612153  -0.276157 -0.367908 0.756282  -0.273165 -0.360460 0.553453  -0.324830 -0.413624 0.254800  -0.401594 -0.441310 0.069924  -0.277216 -0.219361 0.760123  -0.315071 -0.214704 0.560192  -0.380451 -0.180610 0.265410  -0.433938 -0.210472 0.072778  
-0.195995 -0.269953 1.405523  -0.264745 -0.281091 1.212598  -0.320114 -0.190380 1.165703  -0.375323 -0.075294 0.979208  -0.333814 -0.026923 0.627829  -0.259540 -0.429709 1.148195  -0.241281 -0.505251 0.907154  -0.188236 -0.534487 0.605884  -0.274820 -0.365471 0.755553  -0.276523 -0.361430 0.553431  -0.321830 -0.411973 0.253629  -0.402085 -0.443595 0.070935  -0.283175 -0.217246 0.759280  -0.316887 -0.215262 0.558383  -0.383576 -0.186123 0.263256  -0.436864 -0.208263 0.069515  
-0.197355 -0.268148 1.404463  -0.264004 -0.277843 1.210982  -0.319107 -0.187655 1.164289  -0.374900 -0.067656 0.981210  -0.334335 -0.021785 0.629401  -0.254950 -0.426225 1.148331  -0.243089 -0.504266 0.907801  -0.186527 -0.538609 0.607727  -0.279034 -0.366947 0.752962  -0.279028 -0.361130 0.549962  -0.321842 -0.417547 0.250388  -0.406115 -0.443619 0.068553  -0.285117 -0.218557 0.758319  -0.314986 -0.213852 0.557667  -0.380540 -0.178190 0.263473  -0.435092 -0.207148 0.071061  
-0.197687 -0.268228 1.402786  -0.265945 -0.275298 1.210074  -0.319062 -0.185468 1.161047  -0.374084 -0.066470 0.977084  -0.329731 -0.021736 0.625585  -0.258470 -0.425015 1.151124  -0.247974 -0.504432 0.911187  -0.189028 -0.545597 0.612469  -0.284009 -0.372049 0.753963  -0.277048 -0.364814 0.551358  -0.326604 -0.412271 0