16
0.100000
0.050000
0.090000
0.050000
0.040000
0.090000
0.050000
0.040000
0.100000
0.075000
0.050000
0.050000
0.100000
0.075000
0.050000
0.050000
24
0 1
1 2
1 5
1 8
1 12
2 5
2 8
2 12
5 8
5 12
8 9
8 13
12 9
12 13
8 12
9 13
2 3
3 4
5 6
6 7
9 10
10 11
13 14
14 15
-0.244250 -0.298742 1.422192  -0.308727 -0.321152 1.228755  -0.353076 -0.224698 1.185799  -0.366916 -0.111631 0.990849  -0.343480 -0.034733 0.642846  -0.316650 -0.469045 1.164723  -0.290081 -0.563043 0.930677  -0.259382 -0.597691 0.626841  -0.279093 -0.384876 0.777647  -0.308410 -0.409672 0.580795  -0.369400 -0.455080 0.282353  -0.430316 -0.464857 0.089873  -0.353220 -0.256862 0.776325  -0.355257 -0.267174 0.572743  -0.402564 -0.239332 0.273704  -0.450638 -0.264970 0.079021  
-0.243576 -0.301213 1.414938  -0.304189 -0.325295 1.219612  -0.341377 -0.226284 1.175896  -0.383422 -0.119382 0.981379  -0.342824 -0.028559 0.638416  -0.318580 -0.472543 1.155109  -0.306063 -0.575989 0.923891  -0.264489 -0.614968 0.621864  -0.284729 -0.393768 0.766324  -0.315239 -0.411974 0.569464  -0.368360 -0.456823 0.269845  -0.442155 -0.460378 0.081765  -0.348071 -0.259493 0.766833  -0.357168 -0.266350 0.563097  -0.400813 -0.236182 0.263680  -0.454821 -0.263767 0.070814  
-0.244571 -0.300207 1.411201  -0.305911 -0.324977 1.216586  -0.342350 -0.226389 1.171854  -0.381491 -0.109228 0.982633  -0.341733 -0.026441 0.637532  -0.317272 -0.472432 1.152926  -0.312737 -0.583169 0.925276  -0.260904 -0.615755 0.624147  -0.284119 -0.394872 0.762313  -0.313231 -0.409622 0.562749  -0.370485 -0.460053 0.264601  -0.440920 -0.459186 0.075183  -0.350437 -0.261924 0.763395  -0.360385 -0.265596 0.559818  -0.401486 -0.238075 0.259860  -0.454452 -0.264462 0.066555  
-0.243375 -0.300022 1.409916  -0.300962 -0.330240 1.214501  -0.337912 -0.230513 1.172154  -0.385553 -0.110702 0.986612  -0.338109 -0.025702 0.643024  -0.318650 -0.477050 1.149296  -0.317593 -0.577560 0.916467  -0.258056 -0.617447 0.617598  -0.288520 -0.392512 0.761532  -0.319506 -0.410170 0.563705  -0.367676 -0.457610 0.263464  -0.441791 -0.466155 0.075647  -0.353789 -0.259806 0.763360  -0.362112 -0.265332 0.559736  -0.405201 -0.237242 0.260119  -0.454539 -0.266411 0.066257  
-0.243217 -0.299904 1.410522  -0.298435 -0.328724 1.213960  -0.338078 -0.229576 1.171931  -0.390967 -0.112364 0.986363  -0.343200 -0.022711 0.644024  -0.323486 -0.476359 1.152019  -0.313331 -0.578356 0.920061  -0.260384 -0.615259 0.619579  -0.291509 -0.394247 0.764175  -0.314219 -0.411966 0.565275  -0.371364 -0.457488 0.266301  -0.442316 -0.459501 0.077082  -0.358689 -0.262439 0.762916  -0.360396 -0.267921 0.558559  -0.405116 -0.233045 0.259571  -0.455452 -0.260939 0.065725  
-0.244390 -0.299788 1.412285  -0.301381 -0.325642 1.216449  -0.343612 -0.227449 1.173098  -0.386320 -0.120683 0.978523  -0.334936 -0.023598 0.638681  -0.319712 -0.473325 1.153098  -0.315671 -0.584714 0.925725  -0.264152 -0.612157 0.624023  -0.289946 -0.396143 0.762721  -0.318215 -0.408761 0.562903  -0.369759 -0.460795 0.263912  -0.444807 -0.462944 0.076271  -0.350634 -0.260688 0.764832  -0.361192 -0.264105 0.561769  -0.399410 -0.236344 0.261726  -0.457119 -0.265588 0.070243  
-0.245208 -0.300418 1.411579  -0.302661 -0.325067 1.216322  -0.340336 -0.226509 1.172110  -0.392469 -0.120125 0.979749  -0.339705 -0.024799 0.639675  -0.319729 -0.472956 1.153908  -0.315598 -0.585589 0.927187  -0.259135 -0.611795 0.626278  -0.291600 -0.397833 0.763323  -0.312025 -0.409341 0.562484  -0.371937 -0.467657 0.266204  -0.448963 -0.466640 0.079353  -0.351238 -0.262281 0.764272  -0.360468 -0.266466 0.561304  -0.399670 -0.236552 0.261669  -0.452602 -0.264203 0.068588  
-0.244434 -0.299783 1.411463  -0.303489 -0.331835 1.216940  -0.338601 -0.231462 1.174165  -0.387216 -0.116067 0.986139  -0.342292 -0.029151 0.642703  -0.324498 -0.478111 1.151930  -0.311868 -0.579594 0.919848  -0.260518 -0.614941 0.618881  -0.293864 -0.398985 0.763627  -0.314022 -0.409956 0.564675  -0.370885 -0.465587 0.267327  -0.444498 -0.461922 0.079146  -0.343114 -0.259099 0.765086  -0.359097 -0.266765 0.562064  -0.403922 -0.242230 0.262401  -0.454864 -0.261108 0.067683  
-0.241735 -0.303355 1.416137  -0.301129 -0.324778 1.220150  -0.342874 -0.226819 1.175795  -0.392525 -0.115345 0.985648  -0.346702 -0.032328 0.641342  -0.314497 -0.472580 1.156500  -0.309497 -0.570251 0.922743  -0.263262 -0.622753 0.623493  -0.286684 -0.397667 0.764434  -0.310840 -0.406670 0.563749  -0.369162 -0.460171 0.266241  -0.440780 -0.463721 0.077282  -0.348114 -0.261854 0.767562  -0.360136 -0.263393 0.564144  -0.398137 -0.234690 0.264035  -0.453744 -0.267446 0.072478  
-0.244074 -0.299596 1.411484  -0.300886 -0.332175 1.216213  -0.342350 -0.232977 1.174217  -0.393076 -0.116321 0.987692  -0.345152 -0.024182 0.646025  -0.324385 -0.479394 1.152523  -0.315928 -0.584436 0.922147  -0.260386 -0.612888 0.621254  -0.288696 -0.396231 0.764774  -0.314461 -0.411269 0.565021  -0.367335 -0.457273 0.265444  -0.437993 -0.461845 0.076178  -0.354414 -0.263247 0.765246  -0.358444 -0.266325 0.560988  -0.403947 -0.237807 0.261627  -0.453332 -0.263886 0.067315  
-0.245852 -0.304220 1.411998  -0.302080 -0.327955 1.215726  -0.339589 -0.228466 1.171920  -0.390638 -0.113719 0.983932  -0.341988 -0.025247 0.641366  -0.321497 -0.475735 1.151783  -0.311980 -0.582438 0.921909  -0.262243 -0.612604 0.620137  -0.292203 -0.396961 0.762804  -0.313426 -0.409222 0.562784  -0.370442 -0.462203 0.265198  -0.443155 -0.462139 0.076668  -0.351815 -0.261965 0.764003  -0.358353 -0.265106 0.560675  -0.403320 -0.240218 0.261289  -0.448397 -0.259674 0.065223  
-0.243894 -0.295936 1.407173  -0.301944 -0.328122 1.212221  -0.347677 -0.230560 1.170760  -0.393448 -0.112630 0.984121  -0.343807 -0.032739 0.639613  -0.317080 -0.475694 1.148330  -0.309644 -0.583737 0.919218  -0.260335 -0.613507 0.617337  -0.289477 -0.393530 0.759696  -0.316304 -0.408446 0.560617  -0.369701 -0.460795 0.262201  -0.439085 -0.465117 0.072462  -0.357909 -0.261348 0.761093  -0.360957 -0.263654 0.556731  -0.405003 -0.239447 0.256696  -0.454085 -0.265210 0.062253  
-0.242553 -0.304819 1.410775  -0.301388 -0.323857 1.214558  -0.343041 -0.226244 1.170439  -0.388374 -0.118624 0.977102  -0.340316 -0.025080 0.635835  -0.316438 -0.471949 1.152600  -0.308231 -0.581279 0.924380  -0.260047 -0.614162 0.622678  -0.286056 -0.395766 0.762517  -0.311821 -0.411791 0.562636  -0.374014 -0.461806 0.265396  -0.441943 -0.462262 0.075062  -0.353259 -0.262867 0.762284  -0.357554 -0.267837 0.558370  -0.403827 -0.234576 0.259755  -0.453162 -0.261066 0.065507  
-0.243010 -0.307895 1.412462  -0.302463 -0.328758 1.216686  -0.341330 -0.229601 1.173273  -0.388711 -0.116825 0.983215  -0.343518 -0.024248 0.641278  -0.319683 -0.475877 1.151869  -0.308808 -0.576693 0.919409  -0.257245 -0.615448 0.618899  -0.287656 -0.396051 0.763851  -0.314623 -0.412545 0.565810  -0.369030 -0.455806 0.265946  -0.441832 -0.463989 0.077591  -0.346955 -0.260285 0.764930  -0.358458 -0.268773 0.562084  -0.398083 -0.236771 0.262673  -0.456180 -0.270841 0.072112  
-0.242257 -0.301512 1.414133  -0.298620 -0.327606 1.218038  -0.340622 -0.229077 1.174999  -0.384210 -0.121749 0.980947  -0.338205 -0.021958 0.641149  -0.319423 -0.475176 1.155085  -0.310286 -0.583181 0.926173  -0.262285 -0.617154 0.624557  -0.281809 -0.394284 0.765518  -0.313161 -0.411765 0.566323  -0.369262 -0.458248 0.267063  -0.436837 -0.462534 0.076612  -0.349975 -0.262108 0.766526  -0.355847 -0.266554 0.562871  -0.400728 -0.233715 0.264098  -0.457989 -0.269569 0.073578  
-0.241304 -0.305683 1.413285  -0.295855 -0.327080 1.216244  -0.340706 -0.229337 1.174456  -0.383691 -0.125969 0.978520  -0.336614 -0.028911 0.638111  -0.318388 -0.475132 1.154558  -0.305859 -0.583296 0.925862  -0.260671 -0.613544 0.623406  -0.287251 -0.394287 0.766175  -0.312490 -0.414385 0.569690  -0.364452 -0.456327 0.269371  -0.440861 -0.469583 0.082768  -0.354287 -0.262107 0.765519  -0.359793 -0.270465 0.561506  -0.401435 -0.235769 0.262167  -0.456324 -0.269236 0.070469  
-0.242543 -0.307992 1.410670  -0.298811 -0.331166 1.214441  -0.342438 -0.233362 1.171701  -0.390524 -0.119674 0.982344  -0.335427 -0.022602 0.643106  -0.312644 -0.479194 1.148820  -0.301619 -0.568855 0.911455  -0.255296 -0.610692 0.610486  -0.288294 -0.395777 0.761273  -0.310997 -0.412996 0.564401  -0.370245 -0.457718 0.265888  -0.443054 -0.461086 0.077423  -0.352565 -0.263361 0.763612  -0.355362 -0.268576 0.560662  -0.403203 -0.239107 0.262422  -0.453171 -0.263802 0.068184  
-0.238472 -0.307787 1.411953  -0.297388 -0.337001 1.216055  -0.341623 -0.238045 1.174810  -0.390061 -0.114401 0.992042  -0.346732 -0.013394 0.652264  -0.320215 -0.484266 1.150523  -0.301635 -0.570801 0.912247  -0.257730 -0.612023 0.610800  -0.292195 -0.402301 0.762713  -0.310949 -0.412215 0.563284  -0.369895 -0.459787 0.264887  -0.441474 -0.464356 0.075935  -0.347557 -0.264886 0.765084  -0.358718 -0.269037 0.561451  -0.396705 -0.229076 0.262512  -0.453691 -0.270922 0.073121  
-0.239900 -0.309879 1.411696  -0.299232 -0.334521 1.216145  -0.339696 -0.235649 1.174559  -0.392633 -0.108382 0.995812  -0.345256 0.003040 0.659872  -0.316996 -0.481251 1.150834  -0.306155 -0.580646 0.917980  -0.256883 -0.612243 0.616295  -0.280891 -0.395100 0.763946  -0.308263 -0.410641 0.565768  -0.370913 -0.461742 0.268942  -0.442280 -0.466666 0.079955  -0.345706 -0.261898 0.764866  -0.358013 -0.267653 0.560849  -0.401676 -0.235554 0.261398  -0.456800 -0.272357 0.070361  
-0.237789 -0.311833 1.412576  -0.296396 -0.328856 1.215560  -0.342235 -0.231458 1.172122  -0.393686 -0.109479 0.988676  -0.341261 0.007273 0.655060  -0.312909 -0.477194 1.152131  -0.305808 -0.580255 0.920631  -0.256895 -0.613215 0.619014  -0.284126 -0.397405 0.763206  -0.310867 -0.412455 0.563497  -0.370721 -0.455853 0.264812  -0.442039 -0.467487 0.076090  -0.349761 -0.264572 0.763982  -0.354200 -0.267366 0.560296  -0.402216 -0.237037 0.261703  -0.449449 -0.270007 0.067934  
-0.238962 -0.313115 1.409763  -0.299773 -0.332746 1.213514  -0.341152 -0.234405 1.170346  -0.394113 -0.100659 0.996011  -0.344703 0.029048 0.666594  -0.311236 -0.479932 1.148182  -0.299718 -0.576396 0.913888  -0.254059 -0.608024 0.611588  -0.283285 -0.399238 0.759579  -0.309888 -0.413033 0.560460  -0.373819 -0.463524 0.263756  -0.439339 -0.456454 0.072723  -0.346943 -0.265117 0.761101  -0.357743 -0.269261 0.557355  -0.399215 -0.232887 0.258310  -0.450923 -0.266611 0.065792  
-0.239071 -0.316634 1.410423  -0.298729 -0.333742 1.213933  -0.340779 -0.235356 1.171525  -0.391950 -0.099028 0.998725  -0.345381 0.041873 0.673906  -0.317997 -0.481519 1.149363  -0.303728 -0.573838 0.913594  -0.253059 -0.613901 0.613140  -0.286670 -0.398358 0.762164  -0.309752 -0.413034 0.562363  -0.372890 -0.460093 0.264931  -0.440193 -0.467497 0.074532  -0.346577 -0.264558 0.762346  -0.356189 -0.269664 0.558647  -0.397531 -0.234978 0.259413  -0.451977 -0.266802 0.067333  
-0.235727 -0.317957 1.410594  -0.301248 -0.331485 1.215746  -0.349300 -0.234735 1.173670  -0.390461 -0.085694 1.008620  -0.337431 0.075441 0.694337  -0.314883 -0.479493 1.150846  -0.302199 -0.581255 0.918881  -0.258376 -0.619378 0.617071  -0.281189 -0.394224 0.763277  -0.311142 -0.410810 0.564074  -0.366903 -0.461217 0.265577  -0.438209 -0.458789 0.076488  -0.352592 -0.264081 0.764772  -0.356583 -0.267217 0.561172  -0.401601 -0.240502 0.261787  -0.452756 -0.261301 0.067331  
-0.237957 -0.318618 1.410060  -0.298928 -0.331320 1.213577  -0.346294 -0.233617 1.171783  -0.388071 -0.082656 1.008776  -0.335989 0.094102 0.702722  -0.315796 -0.479579 1.149771  -0.297773 -0.572286 0.913988  -0.255915 -0.609439 0.611784  -0.279178 -0.391879 0.762932  -0.311181 -0.414728 0.565094  -0.367843 -0.460345 0.266257  -0.439841 -0.463310 0.077482  -0.356377 -0.265000 0.762694  -0.358171 -0.270553 0.558265  -0.401280 -0.241256 0.258574  -0.455754 -0.267248 0.065605  
-0.240945 -0.318909 1.407236  -0.303825 -0.328743 1.211022  -0.356251 -0.233410 1.168527  -0.383412 -0.070271 1.013341  -0.328203 0.129995 0.722703  -0.310543 -0.477074 1.146882  -0.296989 -0.576856 0.914176  -0.253273 -0.606914 0.611447  -0.278250 -0.390531 0.759438  -0.310110 -0.412609 0.561562  -0.366987 -0.460190 0.262965  -0.441449 -0.465205 0.075174  -0.361129 -0.265792 0.759854  -0.357143 -0.269055 0.555813  -0.403270 -0.240503 0.256638  -0.458116 -0.264292 0.063514  
-0.235523 -0.319923 1.407424  -0.304851 -0.331053 1.213985  -0.352470 -0.232318 1.170584  -0.380757 -0.067546 1.017407  -0.320762 0.144514 0.736275  -0.324650 -0.478936 1.150353  -0.302315 -0.581652 0.919529  -0.254361 -0.605563 0.616904  -0.286612 -0.399031 0.762496  -0.311149 -0.415369 0.562646  -0.367111 -0.463303 0.263841  -0.442195 -0.461404 0.076224  -0.353841 -0.265513 0.762809  -0.353098 -0.270208 0.558956  -0.403977 -0.240288 0.261031  -0.452861 -0.265262 0.066516  
-0.240097 -0.324123 1.408650  -0.307641 -0.337158 1.214228  -0.348120 -0.237468 1.170831  -0.377248 -0.059503 1.033309  -0.312947 0.182502 0.778521  -0.317501 -0.483997 1.146722  -0.299113 -0.583676 0.913795  -0.255302 -0.611063 0.610777  -0.283482 -0.395255 0.761101  -0.311270 -0.413140 0.563308  -0.368874 -0.466074 0.265840  -0.439980 -0.468959 0.076722  -0.353872 -0.264004 0.762983  -0.356672 -0.268536 0.559355  -0.403854 -0.237441 0.260782  -0.454705 -0.263036 0.066826  
-0.239994 -0.319736 1.411062  -0.302903 -0.334116 1.215367  -0.345572 -0.235514 1.173066  -0.376550 -0.049158 1.048047  -0.311361 0.193441 0.794102  -0.309749 -0.480734 1.148352  -0.297521 -0.576056 0.913511  -0.249606 -0.609993 0.611793  -0.276750 -0.389762 0.762467  -0.312550 -0.413053 0.566610  -0.366530 -0.464058 0.268091  -0.437840 -0.460335 0.079058  -0.353792 -0.262903 0.764397  -0.359260 -0.268881 0.560633  -0.399975 -0.237125 0.261006  -0.452854 -0.269809 0.068636  
-0.241118 -0.324506 1.410770  -0.305278 -0.337428 1.214619  -0.345213 -0.236738 1.172362  -0.367070 -0.040386 1.060937  -0.302121 0.223489 0.829055  -0.319085 -0.483760 1.147468  -0.300207 -0.572660 0.910236  -0.247438 -0.611859 0.609924  -0.281137 -0.394778 0.761519  -0.309987 -0.411519 0.562255  -0.373321 -0.464326 0.265676  -0.441777 -0.465284 0.075522  -0.355176 -0.265458 0.763148  -0.360463 -0.268637 0.559076  -0.400061 -0.236438 0.259309  -0.453942 -0.270217 0.067401  
-0.242252 -0.324718 1.409846  -0.304325 -0.335160 1.213164  -0.344963 -0.235381 1.170107  -0.352593 -0.038150 1.058493  -0.280825 0.239309 0.845230  -0.319609 -0.482561 1.148396  -0.300511 -0.576133 0.913021  -0.249176 -0.608594 0.611672  -0.287258 -0.401659 0.760587  -0.310420 -0.416388 0.561614  -0.374145 -0.462491 0.264073  -0.438500 -0.464364 0.072511  -0.353763 -0.267571 0.761153  -0.354251 -0.271787 0.556875  -0.406175 -0.240646 0.258767  -0.458354 -0.269874 0.065627  
-0.240334 -0.328737 1.410863  -0.302243 -0.339563 1.214537  -0.338301 -0.238308 1.172753  -0.342653 -0.039131 1.065121  -0.239713 0.240398 0.867897  -0.323649 -0.485589 1.148646  -0.300731 -0.586031 0.916810  -0.248260 -0.607322 0.614723  -0.283432 -0.397484 0.762815  -0.311633 -0.413649 0.564107  -0.371854 -0.465861 0.266984  -0.441482 -0.461769 0.077332  -0.349503 -0.265002 0.763612  -0.358125 -0.269724 0.559644  -0.400109 -0.241892 0.259629  -0.450962 -0.264656 0.065266  
-0.241260 -0.329853 1.411704  -0.306651 -0.336270 1.216805  -0.344747 -0.236357 1.173955  -0.343377 -0.033240 1.073702  -0.235070 0.252406 0.888575  -0.313374 -0.482231 1.149078  -0.304681 -0.585986 0.917839  -0.247464 -0.608057 0.616663  -0.277199 -0.395681 0.762413  -0.309291 -0.411535 0.564639  -0.373025 -0.461013 0.267605  -0.436916 -0.465265 0.075919  -0.341118 -0.261690 0.764971  -0.351904 -0.267691 0.561581  -0.402301 -0.241372 0.262962  -0.452094 -0.266997 0.068719  
-0.240523 -0.328517 1.414902  -0.302029 -0.344914 1.218705  -0.338375 -0.242741 1.177817  -0.331372 -0.031834 1.095919  -0.219167 0.261626 0.926045  -0.325289 -0.489861 1.150079  -0.298605 -0.577525 0.912955  -0.247390 -0.603925 0.610978  -0.291454 -0.404536 0.763902  -0.311499 -0.411246 0.564860  -0.370925 -0.463275 0.267249  -0.441876 -0.461707 0.078002  -0.337386 -0.263623 0.768137  -0.351852 -0.266851 0.564775  -0.404385 -0.239195 0.266584  -0.452643 -0.263025 0.071717  
-0.241943 -0.327933 1.414514  -0.301287 -0.348026 1.218611  -0.335093 -0.244808 1.178039  -0.329149 -0.031723 1.101140  -0.200622 0.272510 0.965043  -0.324276 -0.492380 1.149182  -0.296998 -0.576069 0.910744  -0.247725 -0.602343 0.608449  -0.289337 -0.404372 0.763350  -0.309612 -0.410975 0.566056  -0.372149 -0.464267 0.269594  -0.442983 -0.464938 0.080343  -0.337440 -0.264224 0.768937  -0.356944 -0.267533 0.566076  -0.398357 -0.241459 0.266030  -0.451747 -0.263923 0.072346  
-0.244344 -0.329730 1.413654  -0.306054 -0.343541 1.217439  -0.339722 -0.240125 1.175921  -0.320948 -0.024196 1.108253  -0.211179 0.288151 0.976007  -0.325296 -0.488364 1.148945  -0.307873 -0.582304 0.913572  -0.252126 -0.607949 0.612336  -0.293238 -0.405675 0.761444  -0.312847 -0.410802 0.563856  -0.370147 -0.464082 0.266413  -0.443415 -0.461397 0.078122  -0.337464 -0.264051 0.766298  -0.357726 -0.266002 0.562891  -0.404513 -0.242038 0.263118  -0.454565 -0.266705 0.068758  
-0.242725 -0.329879 1.413536  -0.304288 -0.341203 1.216916  -0.341259 -0.239358 1.176416  -0.315967 -0.020685 1.121665  -0.197535 0.293393 0.998040  -0.322143 -0.487189 1.149341  -0.302856 -0.575248 0.911647  -0.252320 -0.605462 0.609950  -0.289788 -0.401602 0.761808  -0.314373 -0.409108 0.562770  -0.371796 -0.468082 0.266160  -0.440453 -0.455907 0.076468  -0.347938 -0.264134 0.765716  -0.356721 -0.264579 0.561533  -0.403745 -0.234550 0.262386  -0.448287 -0.270608 0.068470  
-0.247792 -0.326251 1.409598  -0.309334 -0.339190 1.213808  -0.337209 -0.236146 1.171595  -0.302652 -0.020803 1.109587  -0.197293 0.304513 1.006006  -0.318296 -0.484535 1.145256  -0.300180 -0.574864 0.908708  -0.253606 -0.607152 0.606582  -0.283393 -0.397158 0.758381  -0.312139 -0.410053 0.559635  -0.376721 -0.464725 0.263673  -0.443540 -0.468994 0.072976  -0.347676 -0.263495 0.762321  -0.354475 -0.266638 0.559097  -0.403360 -0.238699 0.260649  -0.454500 -0.262672 0.066584  
-0.245632 -0.324962 1.407935  -0.311437 -0.336850 1.213678  -0.335738 -0.231483 1.171295  -0.305361 -0.013055 1.117472  -0.188805 0.309379 1.017416  -0.322748 -0.483145 1.145786  -0.304663 -0.578195 0.910673  -0.255784 -0.606004 0.608436  -0.287979 -0.396552 0.759845  -0.312130 -0.412861 0.564221  -0.371200 -0.462296 0.266405  -0.441975 -0.463051 0.077137  -0.348936 -0.261548 0.762732  -0.359750 -0.269929 0.559944  -0.402638 -0.238374 0.260981  -0.455025 -0.262566 0.067288  
-0.244674 -0.330127 1.408570  -0.307292 -0.334063 1.211972  -0.340196 -0.230369 1.169064  -0.305371 -0.013705 1.109375  -0.187140 0.312189 1.019893  -0.322745 -0.480719 1.146344  -0.302191 -0.577092 0.912083  -0.252032 -0.600585 0.609684  -0.296002 -0.404750 0.756945  -0.316407 -0.414771 0.559475  -0.376687 -0.461213 0.261406  -0.443613 -0.465664 0.070792  -0.344776 -0.264847 0.759376  -0.360971 -0.270010 0.555909  -0.401625 -0.236736 0.256324  -0.454731 -0.271849 0.064426  
-0.240856 -0.335732 1.413172  -0.306048 -0.334775 1.217709  -0.341420 -0.230444 1.175924  -0.293378 -0.013843 1.123684  -0.186155 0.314163 1.031251  -0.319610 -0.481125 1.150701  -0.305519 -0.573329 0.914248  -0.254337 -0.602986 0.612548  -0.286042 -0.399902 0.762471  -0.313584 -0.410691 0.563841  -0.371917 -0.458229 0.265265  -0.444177 -0.466721 0.076699  -0.341151 -0.262139 0.766076  -0.355725 -0.267617 0.563041  -0.403508 -0.241034 0.264102  -0.451739 -0.264334 0.069187  
-0.243028 -0.326660 1.412985  -0.306784 -0.325732 1.217610  -0.337277 -0.222861 1.173257  -0.308596 -0.003206 1.125915  -0.168971 0.310119 1.025625  -0.320597 -0.472873 1.153592  -0.300705 -0.561719 0.916640  -0.255399 -0.602758 0.615388  -0.291994 -0.401377 0.763112  -0.312162 -0.409969 0.562638  -0.373470 -0.463108 0.265665  -0.437695 -0.456375 0.074151  -0.346221 -0.261667 0.764878  -0.353321 -0.265614 0.561622  -0.406973 -0.237783 0.263869  -0.451989 -0.261069 0.068196  
-0.243298 -0.335995 1.413585  -0.304928 -0.321471 1.217508  -0.333574 -0.217103 1.172349  -0.327584 0.006058 1.128987  -0.219084 0.334597 1.039654  -0.318639 -0.469886 1.154262  -0.299214 -0.570975 0.921809  -0.260138 -0.609497 0.619314  -0.300822 -0.402658 0.763400  -0.311951 -0.409923 0.563243  -0.375787 -0.462015 0.266681  -0.438942 -0.462336 0.074706  -0.340463 -0.260052 0.764354  -0.358760 -0.267114 0.561818  -0.403512 -0.242073 0.262350  -0.455955 -0.262787 0.068244  
-0.244345 -0.334350 1.414057  -0.307016 -0.322350 1.218499  -0.332085 -0.217345 1.172199  -0.323574 0.005761 1.128969  -0.222317 0.336245 1.038320  -0.318395 -0.470306 1.154946  -0.301597 -0.576458 0.924774  -0.260960 -0.611067 0.622020  -0.290224 -0.403149 0.764015  -0.311522 -0.413503 0.565216  -0.374032 -0.456989 0.267190  -0.441784 -0.465951 0.077031  -0.334203 -0.261337 0.764643  -0.355374 -0.268784 0.562276  -0.403233 -0.241288 0.263433  -0.454370 -0.266748 0.069531  
-0.242867 -0.331107 1.411713  -0.306567 -0.324471 1.215753  -0.335794 -0.220115 1.170976  -0.323958 0.002609 1.127128  -0.218261 0.331400 1.035464  -0.322076 -0.472116 1.150719  -0.298319 -0.567284 0.915824  -0.257216 -0.614666 0.614798  -0.296083 -0.401683 0.760698  -0.312023 -0.410377 0.561425  -0.377018 -0.462937 0.265184  -0.445684 -0.463737 0.075109  -0.339667 -0.260016 0.762854  -0.354787 -0.266511 0.560488  -0.408711 -0.238845 0.263014  -0.448458 -0.255169 0.065543  
-0.245016 -0.329692 1.408515  -0.311870 -0.320713 1.214504  -0.334417 -0.215190 1.168262  -0.320664 0.007353 1.123731  -0.216354 0.337430 1.035113  -0.320183 -0.469693 1.151608  -0.294688 -0.575358 0.921779  -0.261255 -0.611275 0.618301  -0.286545 -0.396213 0.762458  -0.312221 -0.415054 0.564512  -0.370516 -0.461217 0.266101  -0.442090 -0.463588 0.077161  -0.347541 -0.261740 0.761382  -0.355795 -0.270189 0.558390  -0.401855 -0.241771 0.259504  -0.457087 -0.266955 0.066717  
-0.240441 -0.331410 1.410304  -0.307503 -0.319546 1.215330  -0.338164 -0.214070 1.170596  -0.315544 0.007855 1.123328  -0.224917 0.341708 1.033415  -0.318618 -0.468475 1.152314  -0.298649 -0.573273 0.921399  -0.256832 -0.605879 0.618539  -0.282997 -0.394716 0.762865  -0.313257 -0.414791 0.565128  -0.371534 -0.461544 0.266455  -0.436995 -0.459796 0.075247  -0.345967 -0.260449 0.762197  -0.354234 -0.270455 0.559103  -0.403060 -0.235557 0.261270  -0.453640 -0.266000 0.067954  
-0.239767 -0.329306 1.411727  -0.307057 -0.324444 1.216532  -0.328896 -0.217033 1.171217  -0.310931 0.004660 1.121463  -0.222912 0.340062 1.034490  -0.323741 -0.473150 1.152754  -0.299851 -0.576860 0.921425  -0.257525 -0.601644 0.617888  -0.291033 -0.401868 0.763328  -0.311362 -0.413471 0.563087  -0.373637 -0.463647 0.265784  -0.444129 -0.461927 0.076374  -0.339296 -0.262052 0.763295  -0.352848 -0.269211 0.560423  -0.402143 -0.237185 0.262365  -0.454366 -0.267811 0.069519  
-0.243913 -0.330404 1.413672  -0.302706 -0.325670 1.216203  -0.329236 -0.220961 1.172009  -0.307875 -0.000342 1.119895  -0.227373 0.335526 1.028164  -0.314931 -0.472946 1.151032  -0.303330 -0.571755 0.917229  -0.253915 -0.604200 0.615547  -0.280694 -0.395484 0.761968  -0.310962 -0.410959 0.563290  -0.374876 -0.463016 0.266771  -0.441694 -0.460160 0.076065  -0.341456 -0.260235 0.763371  -0.358100 -0.268053 0.560823  -0.400525 -0.236587 0.261692  -0.455363 -0.264063 0.069103  
-0.243125 -0.327404 1.411148  -0.303357 -0.328514 1.213902  -0.331129 -0.222168 1.170756  -0.308010 -0.000392 1.123188  -0.222311 0.332949 1.026947  -0.319470 -0.475914 1.148029  -0.305151 -0.574856 0.914065  -0.247759 -0.601944 0.613218  -0.290953 -0.399330 0.758801  -0.311663 -0.410867 0.561955  -0.371621 -0.462078 0.264452  -0.441575 -0.466931 0.074913  -0.341400 -0.259965 0.762051  -0.354591 -0.266927 0.559204  -0.403112 -0.239048 0.260619  -0.453790 -0.263217 0.066450  
-0.245206 -0.323577 1.409415  -0.307351 -0.323412 1.213049  -0.327259 -0.217006 1.167064  -0.308628 0.004198 1.117140  -0.218123 0.338481 1.029020  -0.316147 -0.471793 1.149305  -0.302226 -0.580682 0.920153  -0.252586 -0.604641 0.617700  -0.287608 -0.401141 0.758682  -0.313828 -0.414893 0.560356  -0.371842 -0.459521 0.261511  -0.444564 -0.464588 0.073038  -0.342113 -0.263047 0.759692  -0.358074 -0.270570 0.557020  -0.402997 -0.241943 0.257918  -0.454975 -0.262839 0.063709  
-0.246844 -0.326480 1.408561  -0.306397 -0.323148 1.211696  -0.329061 -0.216677 1.167256  -0.311801 0.004956 1.115813  -0.217642 0.338414 1.028479  -0.318056 -0.470819 1.147174  -0.296625 -0.572204 0.915085  -0.252320 -0.605886 0.612720  -0.281296 -0.390172 0.759332  -0.313296 -0.412245 0.562126  -0.371055 -0.460281 0.263755  -0.442233 -0.461762 0.074632  -0.352151 -0.259763 0.759604  -0.359503 -0.269040 0.556754  -0.398225 -0.235919 0.257423  -0.459936 -0.270967 0.068192  
-0.246320 -0.326060 1.406960  -0.306709 -0.322274 1.210691  -0.327260 -0.216960 1.164662  -0.313864 0.006095 1.123477  -0.216530 0.336299 1.027770  -0.316434 -0.470968 1.148619  -0.300059 -0.577708 0.918960  -0.256173 -0.615440 0.617088  -0.287040 -0.398250 0.758237  -0.315072 -0.415193 0.559142  -0.378982 -0.465629 0.262500  -0.444783 -0.463101 0.071461  -0.351631 -0.264481 0.757993  -0.360329 -0.270658 0.554822  -0.400831 -0.235693 0.255795  -0.456406 -0.272560 0.064991  
-0.250307 -0.327787 1.405967  -0.313148 -0.320742 1.210019  -0.332732 -0.214459 1.164401  -0.312766 0.007345 1.117335  -0.207931 0.336817 1.026496  -0.315868 -0.469075 1.146006  -0.299360 -0.577266 0.916810  -0.252735 -0.607350 0.614434  -0.281179 -0.391194 0.756867  -0.312782 -0.411792 0.558561  -0.376769 -0.461016 0.261552  -0.440359 -0.460556 0.069721  -0.349079 -0.259478 0.756737  -0.360674 -0.269094 0.553975  -0.399739 -0.234772 0.254756  -0.458803 -0.267124 0.064194  
-0.245788 -0.325716 1.406926  -0.306693 -0.318680 1.210168  -0.326796 -0.212304 1.164103  -0.309828 0.010641 1.121517  -0.210111 0.339516 1.023493  -0.318143 -0.467470 1.148325  -0.309102 -0.576272 0.918935  -0.249883 -0.607043 0.618839  -0.284671 -0.396188 0.758649  -0.312214 -0.416574 0.562652  -0.372402 -0.457296 0.263862  -0.439559 -0.466261 0.073509  -0.345656 -0.260908 0.756721  -0.357876 -0.271999 0.553025  -0.404853 -0.237896 0.254306  -0.456482 -0.265356 0.060740  
-0.247470 -0.328475 1.408771  -0.309873 -0.316409 1.212603  -0.336145 -0.210963 1.166652  -0.309170 0.010991 1.122396  -0.212860 0.341975 1.027609  -0.320504 -0.466093 1.151238  -0.309208 -0.573055 0.920775  -0.249345 -0.605664 0.620981  -0.286546 -0.395684 0.760691  -0.313090 -0.415899 0.563370  -0.373469 -0.458844 0.264822  -0.445209 -0.465529 0.076037  -0.350335 -0.261875 0.758959  -0.360892 -0.272275 0.555752  -0.399227 -0.230667 0.257141  -0.456272 -0.264640 0.066209  
-0.245296 -0.327382 1.409036  -0.308700 -0.316449 1.213095  -0.330151 -0.209356 1.167023  -0.312267 0.012709 1.119172  -0.206998 0.340667 1.023766  -0.322043 -0.465389 1.150089  -0.307678 -0.569483 0.918252  -0.250441 -0.603266 0.618030  -0.290900 -0.396217 0.760062  -0.312865 -0.412982 0.562836  -0.374292 -0.459830 0.264819  -0.443923 -0.463426 0.075118  -0.345223 -0.257778 0.759852  -0.357002 -0.269576 0.557312  -0.403232 -0.238557 0.258753  -0.457284 -0.263052 0.065550  
-0.246395 -0.327463 1.406357  -0.311588 -0.315252 1.211030  -0.331818 -0.209653 1.164059  -0.315205 0.012675 1.119007  -0.204310 0.339957 1.027995  -0.317881 -0.464783 1.149306  -0.299728 -0.574482 0.920763  -0.250133 -0.601765 0.618492  -0.280673 -0.392862 0.759123  -0.310657 -0.413955 0.560540  -0.375452 -0.458838 0.263144  -0.444146 -0.464906 0.073197  -0.347377 -0.260501 0.756700  -0.360035 -0.271111 0.553504  -0.401256 -0.238344 0.254081  -0.457554 -0.266974 0.062039  
-0.245786 -0.330813 1.406464  -0.308466 -0.312036 1.210828  -0.332039 -0.206713 1.163705  -0.308791 0.015949 1.116890  -0.207595 0.346254 1.025395  -0.316283 -0.462253 1.150249  -0.302080 -0.571598 0.921116  -0.255690 -0.606874 0.619197  -0.291056 -0.398455 0.757774  -0.310672 -0.412012 0.557104  -0.377669 -0.461079 0.260818  -0.443914 -0.464160 0.069926  -0.349744 -0.262540 0.756500  -0.355518 -0.267696 0.553311  -0.406929 -0.241309 0.255099  -0.457586 -0.261992 0.060527  
-0.246824 -0.327606 1.408377  -0.309585 -0.310587 1.213065  -0.331274 -0.205492 1.165469  -0.312483 0.016514 1.118024  -0.205073 0.343721 1.022660  -0.317710 -0.460224 1.152813  -0.301409 -0.570201 0.924580  -0.254039 -0.607149 0.623109  -0.286191 -0.393670 0.760693  -0.312362 -0.411495 0.560965  -0.374849 -0.458988 0.263394  -0.439198 -0.461300 0.071837  -0.352524 -0.260701 0.759204  -0.355734 -0.267011 0.556096  -0.402922 -0.243056 0.257044  -0.459795 -0.261244 0.063956  
-0.247674 -0.325526 1.408595  -0.309852 -0.311787 1.213137  -0.330915 -0.205926 1.166212  -0.315477 0.016292 1.119863  -0.204775 0.343122 1.026967  -0.319542 -0.461251 1.151492  -0.303005 -0.570323 0.922544  -0.255386 -0.605825 0.620920  -0.290106 -0.393783 0.760028  -0.315580 -0.409160 0.560220  -0.376016 -0.461102 0.262884  -0.442033 -0.461218 0.071867  -0.347479 -0.257140 0.759646  -0.358133 -0.265112 0.557143  -0.405364 -0.240043 0.258350  -0.453105 -0.262347 0.063257  
-0.247202 -0.325668 1.409216  -0.311319 -0.314428 1.213738  -0.331339 -0.209500 1.166004  -0.313854 0.013728 1.126412  -0.207904 0.339060 1.023339  -0.314306 -0.463399 1.151579  -0.299626 -0.565363 0.919400  -0.260541 -0.608140 0.617492  -0.283899 -0.396341 0.759059  -0.313592 -0.412747 0.559642  -0.377719 -0.460827 0.262345  -0.445069 -0.464783 0.071822  -0.352634 -0.262359 0.759230  -0.361081 -0.269661 0.556400  -0.400600 -0.232832 0.257615  -0.453753 -0.265973 0.065467  
-0.247631 -0.324814 1.406335  -0.307145 -0.319902 1.209482  -0.331107 -0.214626 1.164658  -0.311742 0.008495 1.126206  -0.209432 0.334246 1.020902  -0.318599 -0.467817 1.145741  -0.298434 -0.564887 0.911771  -0.258584 -0.606949 0.609845  -0.289952 -0.394492 0.755843  -0.313461 -0.411075 0.559418  -0.375763 -0.460257 0.262074  -0.442115 -0.465889 0.071269  -0.347309 -0.257591 0.756907  -0.362028 -0.269342 0.554399  -0.395727 -0.232084 0.254858  -0.455754 -0.267955 0.065225  
-0.247609 -0.330052 1.407000  -0.312001 -0.315258 1.212299  -0.332319 -0.209417 1.165540  -0.309728 0.012849 1.122648  -0.213398 0.341900 1.021917  -0.318382 -0.464120 1.149644  -0.298532 -0.570639 0.919741  -0.256657 -0.606313 0.617260  -0.298359 -0.399636 0.758058  -0.311151 -0.411955 0.560971  -0.375408 -0.461776 0.264152  -0.444990 -0.463805 0.074429  -0.343479 -0.258167 0.758669  -0.356841 -0.268968 0.556324  -0.405015 -0.240808 0.257889  -0.456601 -0.260460 0.063479  
-0.248406 -0.325333 1.410675  -0.310230 -0.318797 1.214409  -0.331877 -0.213171 1.167958  -0.311206 0.008504 1.121172  -0.210392 0.337677 1.025358  -0.322822 -0.466957 1.151431  -0.308759 -0.580199 0.924743  -0.261766 -0.604555 0.621948  -0.289253 -0.398996 0.760166  -0.313639 -0.409439 0.559789  -0.375360 -0.461969 0.262995  -0.444760 -0.466289 0.073258  -0.339582 -0.259285 0.760464  -0.358345 -0.264923 0.557821  -0.405077 -0.238412 0.258706  -0.453301 -0.264579 0.064153  
-0.247154 -0.325488 1.412493  -0.307000 -0.321600 1.215736  -0.331141 -0.215885 1.169438  -0.317587 0.005511 1.118282  -0.206331 0.332701 1.027279  -0.323583 -0.469859 1.152239  -0.301048 -0.570673 0.919674  -0.258861 -0.607275 0.617328  -0.298546 -0.405075 0.760978  -0.312787 -0.411022 0.561399  -0.376925 -0.461310 0.264910  -0.445244 -0.459880 0.074767  -0.330933 -0.260190 0.762245  -0.358162 -0.266360 0.560699  -0.403135 -0.237149 0.261644  -0.454654 -0.261473 0.067709  
-0.246767 -0.327179 1.408996  -0.310489 -0.314364 1.213404  -0.332687 -0.208638 1.167186  -0.310396 0.012969 1.119157  -0.208013 0.343195 1.028629  -0.319139 -0.463134 1.151184  -0.310264 -0.570631 0.921266  -0.262679 -0.608448 0.619922  -0.286844 -0.394293 0.760338  -0.311046 -0.409160 0.561727  -0.369746 -0.465607 0.265099  -0.441198 -0.458493 0.076220  -0.346897 -0.257708 0.759576  -0.356998 -0.265592 0.556219  -0.405863 -0.237313 0.257521  -0.457036 -0.263361 0.063692  
-0.246601 -0.325968 1.406241  -0.307415 -0.320804 1.209428  -0.332881 -0.216274 1.165210  -0.313876 0.005623 1.120693  -0.210193 0.334801 1.028243  -0.318269 -0.468423 1.145406  -0.312379 -0.572980 0.914084  -0.259231 -0.612041 0.613838  -0.284362 -0.388486 0.756902  -0.313569 -0.409392 0.560371  -0.374048 -0.464283 0.263715  -0.445298 -0.460020 0.074658  -0.353876 -0.257385 0.757088  -0.359309 -0.265723 0.553484  -0.406566 -0.236764 0.254560  -0.454535 -0.264674 0.060167  
-0.248834 -0.321523 1.409826  -0.312686 -0.317768 1.214297  -0.331475 -0.211357 1.167926  -0.307785 0.009749 1.119480  -0.214950 0.342259 1.027137  -0.320599 -0.466515 1.151788  -0.314669 -0.578444 0.923829  -0.263918 -0.611056 0.622383  -0.293369 -0.395885 0.761569  -0.314797 -0.412531 0.564107  -0.372458 -0.458754 0.265492  -0.441594 -0.464862 0.075715  -0.350230 -0.258907 0.761155  -0.357749 -0.267778 0.557893  -0.401546 -0.238823 0.258590  -0.452888 -0.263762 0.064680  
-0.248462 -0.324078 1.410164  -0.312093 -0.314886 1.214255  -0.339547 -0.208959 1.168220  -0.308007 0.012745 1.124279  -0.208196 0.340833 1.023430  -0.320405 -0.463871 1.150814  -0.311842 -0.573897 0.921698  -0.259155 -0.605062 0.620390  -0.292575 -0.395472 0.760224  -0.313982 -0.409695 0.561982  -0.374455 -0.462177 0.264833  -0.442998 -0.465934 0.074759  -0.342478 -0.256021 0.760650  -0.357147 -0.265664 0.558340  -0.399990 -0.239210 0.258974  -0.459657 -0.270966 0.068522  
-0.250697 -0.327550 1.409712  -0.313665 -0.315499 1.214304  -0.334133 -0.210842 1.167297  -0.309403 0.010597 1.122751  -0.212193 0.339557 1.022734  -0.321842 -0.464053 1.152461  -0.310351 -0.573691 0.923973  -0.259044 -0.610086 0.623109  -0.288280 -0.396721 0.761529  -0.312426 -0.410825 0.561623  -0.373551 -0.463203 0.264722  -0.441917 -0.461213 0.074579  -0.342439 -0.258515 0.760006  -0.354653 -0.265464 0.556797  -0.407467 -0.237349 0.258805  -0.456798 -0.266475 0.064944  
-0.246053 -0.328908 1.409870  -0.311738 -0.313965 1.215125  -0.336380 -0.208939 1.168790  -0.314590 0.012183 1.119596  -0.207810 0.338219 1.019573  -0.322551 -0.463405 1.154191  -0.317370 -0.570730 0.924093  -0.265660 -0.614391 0.624230  -0.290684 -0.394514 0.764110  -0.311752 -0.412922 0.565956  -0.371208 -0.461567 0.268055  -0.441960 -0.463342 0.078780  -0.351920 -0.259489 0.761283  -0.358878 -0.269288 0.557648  -0.409085 -0.241099 0.259019  -0.452491 -0.261503 0.062614  
-0.249059 -0.327705 1.404768  -0.316589 -0.320629 1.210538  -0.334752 -0.213507 1.165143  -0.312846 0.008474 1.120083  -0.206861 0.334974 1.020731  -0.323967 -0.468691 1.145475  -0.313783 -0.572695 0.913704  -0.254259 -0.605442 0.613852  -0.291685 -0.393065 0.756722  -0.313036 -0.410187 0.560958  -0.371644 -0.464665 0.264010  -0.442129 -0.464686 0.074644  -0.350250 -0.256812 0.757777  -0.358471 -0.266116 0.554950  -0.403874 -0.236459 0.256166  -0.459246 -0.267602 0.064305  
-0.248979 -0.327706 1.407150  -0.310828 -0.315614 1.210925  -0.342006 -0.212608 1.165022  -0.315142 0.009291 1.122290  -0.207785 0.334904 1.021507  -0.319439 -0.464830 1.150233  -0.310596 -0.574054 0.921401  -0.259167 -0.603846 0.619834  -0.289672 -0.395781 0.758270  -0.313921 -0.411778 0.558287  -0.378532 -0.459865 0.261201  -0.443641 -0.464347 0.069928  -0.353692 -0.262227 0.757090  -0.357194 -0.267681 0.553432  -0.402353 -0.238918 0.254228  -0.455857 -0.268860 0.061599  
-0.250347 -0.326696 1.409404  -0.312440 -0.319978 1.213128  -0.330919 -0.214183 1.166876  -0.315749 0.008749 1.125468  -0.211809 0.334888 1.022995  -0.320268 -0.468320 1.149968  -0.314206 -0.579029 0.921339  -0.258066 -0.608471 0.620510  -0.311008 -0.403612 0.758547  -0.319129 -0.413743 0.561651  -0.368130 -0.461987 0.261872  -0.446477 -0.464693 0.075638  -0.352236 -0.261046 0.759473  -0.358162 -0.268177 0.556100  -0.400491 -0.240976 0.256411  -0.453046 -0.264721 0.062674  
-0.250676 -0.327467 1.410535  -0.313058 -0.315575 1.214498  -0.333336 -0.208976 1.166743  -0.308477 0.012640 1.119136  -0.211241 0.342961 1.023255  -0.321918 -0.464495 1.151782  -0.306958 -0.580193 0.926075  -0.257495 -0.605144 0.623685  -0.288843 -0.397969 0.760126  -0.315520 -0.412618 0.560322  -0.370836 -0.461729 0.261542  -0.443845 -0.464710 0.073116  -0.344113 -0.260284 0.759798  -0.355366 -0.267211 0.557231  -0.401342 -0.237453 0.258662  -0.460280 -0.266313 0.067527  
-0.248696 -0.328804 1.406179  -0.315570 -0.314031 1.211642  -0.335991 -0.208486 1.164937  -0.311677 0.012841 1.118235  -0.206590 0.341125 1.023971  -0.316697 -0.462767 1.148955  -0.305325 -0.574337 0.921258  -0.257427 -0.605922 0.619269  -0.282193 -0.388975 0.758260  -0.315319 -0.409057 0.559760  -0.372385 -0.463543 0.262263  -0.446326 -0.462882 0.074180  -0.355140 -0.258263 0.757712  -0.359771 -0.264375 0.554204  -0.404964 -0.234247 0.255188  -0.456659 -0.266881 0.062510  
-0.250750 -0.327311 1.407924  -0.312122 -0.316938 1.211836  -0.328325 -0.211082 1.164926  -0.317093 0.011120 1.118569  -0.206596 0.336990 1.022272  -0.326410 -0.465723 1.150027  -0.307182 -0.570608 0.919489  -0.259246 -0.605236 0.617836  -0.294528 -0.398044 0.758934  -0.313733 -0.409699 0.558114  -0.376089 -0.465701 0.262120  -0.443209 -0.462604 0.071538  -0.347634 -0.259785 0.758059  -0.359165 -0.265630 0.555018  -0.401449 -0.240370 0.255265  -0.452295 -0.262117 0.060851  
-0.248506 -0.325348 1.409105  -0.313676 -0.315242 1.214144  -0.330912 -0.209158 1.167137  -0.307562 0.012671 1.122449  -0.209324 0.343049 1.028129  -0.322613 -0.464470 1.152242  -0.310717 -0.576202 0.924369  -0.265449 -0.613493 0.622612  -0.292727 -0.397443 0.760910  -0.312932 -0.409538 0.560729  -0.371833 -0.463813 0.263699  -0.440572 -0.462597 0.073680  -0.344549 -0.258604 0.760041  -0.357133 -0.265081 0.556953  -0.403283 -0.239852 0.257660  -0.454664 -0.265921 0.063907  
-0.249677 -0.327402 1.406603  -0.311961 -0.320102 1.210671  -0.334105 -0.213254 1.165869  -0.310555 0.009367 1.124132  -0.212383 0.339663 1.029319  -0.322343 -0.468345 1.146801  -0.313148 -0.573604 0.915653  -0.256691 -0.606881 0.615275  -0.286316 -0.391192 0.758166  -0.313871 -0.410871 0.561393  -0.374141 -0.461240 0.263898  -0.439637 -0.463195 0.072735  -0.351990 -0.258037 0.758271  -0.359370 -0.267177 0.555118  -0.401641 -0.240871 0.255397  -0.456592 -0.266076 0.062519  
-0.247563 -0.324045 1.412064  -0.309076 -0.316389 1.216035  -0.334371 -0.213047 1.169534  -0.309289 0.008887 1.128402  -0.210651 0.337663 1.029252  -0.319633 -0.465037 1.155287  -0.311549 -0.574726 0.926867  -0.259512 -0.610249 0.626051  -0.288370 -0.396352 0.761769  -0.315035 -0.410310 0.561725  -0.372163 -0.461497 0.263557  -0.438895 -0.462941 0.072786  -0.351157 -0.261792 0.762303  -0.357956 -0.265233 0.558802  -0.401874 -0.235953 0.259516  -0.454755 -0.265560 0.066672  
-0.248681 -0.323838 1.408246  -0.314443 -0.313154 1.213347  -0.333574 -0.207267 1.166380  -0.308704 0.015397 1.127047  -0.212197 0.345373 1.029590  -0.317608 -0.462206 1.150548  -0.307783 -0.571789 0.921396  -0.261821 -0.611511 0.620008  -0.288716 -0.394233 0.759364  -0.311234 -0.410844 0.561902  -0.372484 -0.464373 0.265137  -0.445102 -0.466690 0.076564  -0.347106 -0.257712 0.759143  -0.357359 -0.267543 0.556310  -0.403471 -0.239276 0.257426  -0.455683 -0.267831 0.064269  
-0.251038 -0.324396 1.406531  -0.313195 -0.319969 1.210226  -0.327650 -0.213703 1.163203  -0.306329 0.009485 1.125497  -0.211583 0.341039 1.031813  -0.316419 -0.468322 1.146993  -0.307188 -0.575684 0.917062  -0.260160 -0.609841 0.615182  -0.283613 -0.395465 0.756925  -0.310818 -0.415828 0.561011  -0.372606 -0.463306 0.263581  -0.445688 -0.461921 0.075220  -0.348821 -0.262054 0.756045  -0.360191 -0.272438 0.552740  -0.404448 -0.228677 0.255186  -0.459133 -0.268489 0.064680  
-0.245412 -0.327456 1.408888  -0.308712 -0.323112 1.213275  -0.329477 -0.217215 1.168350  -0.311601 0.004927 1.124433  -0.211205 0.335108 1.031911  -0.323774 -0.470708 1.149075  -0.311748 -0.576686 0.918583  -0.260733 -0.608058 0.617060  -0.290992 -0.397160 0.759632  -0.312032 -0.407731 0.559353  -0.375327 -0.463066 0.263307  -0.440982 -0.467284 0.072225  -0.343125 -0.258389 0.760617  -0.360661 -0.265138 0.558168  -0.402463 -0.238838 0.258482  -0.453886 -0.264694 0.064736  
-0.241210 -0.322619 1.411379  -0.309163 -0.318221 1.217567  -0.328926 -0.213355 1.170536  -0.308943 0.007847 1.122485  -0.217633 0.341313 1.032316  -0.322143 -0.466262 1.154998  -0.313103 -0.573597 0.925318  -0.260477 -0.610712 0.624771  -0.287052 -0.400846 0.763074  -0.311272 -0.410917 0.562500  -0.371371 -0.463439 0.265307  -0.440655 -0.458173 0.075542  -0.337141 -0.260236 0.763389  -0.354962 -0.265918 0.561108  -0.400417 -0.238855 0.262012  -0.455594 -0.266473 0.069544  
-0.245178 -0.325963 1.410606  -0.305089 -0.322254 1.213175  -0.335476 -0.217787 1.169268  -0.311860 0.005506 1.123837  -0.208848 0.335811 1.034597  -0.321984 -0.470285 1.150344  -0.310444 -0.569564 0.916583  -0.261106 -0.613657 0.616349  -0.294011 -0.403195 0.759444  -0.312580 -0.412935 0.559805  -0.370350 -0.464521 0.262084  -0.443559 -0.460113 0.073792  -0.337977 -0.261522 0.759251  -0.353660 -0.267413 0.555887  -0.405618 -0.235786 0.257897  -0.456483 -0.262090 0.063997  
-0.245637 -0.327298 1.411258  -0.311812 -0.317322 1.216535  -0.331899 -0.211354 1.169674  -0.312559 0.010881 1.123702  -0.207937 0.339899 1.031494  -0.322275 -0.465329 1.153019  -0.306445 -0.569476 0.921917  -0.256742 -0.607561 0.620948  -0.287298 -0.398436 0.762079  -0.311555 -0.409615 0.561869  -0.372534 -0.461624 0.264809  -0.445451 -0.458272 0.076373  -0.335765 -0.258051 0.762050  -0.350674 -0.263614 0.559364  -0.405913 -0.241207 0.261528  -0.452973 -0.271913 0.067379  
-0.244590 -0.323915 1.411395  -0.310547 -0.319694 1.216364  -0.330756 -0.215448 1.169750  -0.314942 0.006204 1.123089  -0.206450 0.333884 1.030866  -0.322707 -0.467906 1.153888  -0.310515 -0.572624 0.923081  -0.257529 -0.612778 0.622995  -0.292978 -0.401388 0.762153  -0.311369 -0.410651 0.561047  -0.373637 -0.464234 0.264419  -0.445042 -0.460563 0.075392  -0.339827 -0.260837 0.761748  -0.357469 -0.266927 0.558843  -0.399499 -0.240967 0.258905  -0.452995 -0.265264 0.065477  
-0.242463 -0.323574 1.411885  -0.303971 -0.320739 1.215204  -0.334233 -0.216330 1.171416  -0.314624 0.005400 1.124736  -0.209112 0.333985 1.032046  -0.319088 -0.468414 1.151260  -0.313729 -0.571296 0.919044  -0.258490 -0.613288 0.619564  -0.288221 -0.393345 0.761538  -0.313016 -0.407503 0.564272  -0.370102 -0.461901 0.266843  -0.447811 -0.467356 0.080377  -0.343684 -0.255694 0.762772  -0.356736 -0.263429 0.559347  -0.403100 -0.242548 0.259502  -0.450668 -0.259024 0.063693  
-0.244605 -0.322216 1.406163  -0.307667 -0.314508 1.210764  -0.331446 -0.209169 1.164465  -0.312169 0.013826 1.124130  -0.206786 0.342219 1.030579  -0.319540 -0.463501 1.149294  -0.314210 -0.578657 0.923095  -0.262449 -0.608198 0.621526  -0.293012 -0.397185 0.757574  -0.312789 -0.409052 0.557416  -0.376939 -0.464144 0.261484  -0.445970 -0.462009 0.071556  -0.347063 -0.258889 0.757673  -0.357111 -0.265585 0.555018  -0.402676 -0.234248 0.256541  -0.459202 -0.266629 0.065240  
-0.246146 -0.324334 1.409680  -0.306383 -0.320886 1.212510  -0.330536 -0.216402 1.167091  -0.317374 0.006340 1.124366  -0.207607 0.333666 1.032320  -0.319549 -0.468389 1.148679  -0.313318 -0.575504 0.918542  -0.261514 -0.612003 0.617748  -0.287906 -0.396597 0.758075  -0.312408 -0.408581 0.558236  -0.374033 -0.466211 0.262273  -0.443739 -0.459082 0.072714  -0.342427 -0.258548 0.758787  -0.356974 -0.265307 0.555877  -0.405298 -0.235953 0.257374  -0.456091 -0.274104 0.065485  
-0.246740 -0.323731 1.405689  -0.307438 -0.315810 1.209183  -0.331088 -0.209939 1.164034  -0.311442 0.014421 1.128010  -0.203973 0.340046 1.027461  -0.320496 -0.464492 1.147051  -0.303007 -0.566512 0.914983  -0.259900 -0.611852 0.613986  -0.292392 -0.396435 0.756099  -0.309805 -0.408368 0.556826  -0.377171 -0.464282 0.261871  -0.445494 -0.463504 0.071694  -0.345772 -0.258080 0.755899  -0.355208 -0.264466 0.552640  -0.405396 -0.238935 0.254022  -0.454335 -0.265513 0.059707  
-0.243722 -0.327900 1.409214  -0.306708 -0.312600 1.213643  -0.328158 -0.206917 1.166914  -0.302784 0.015592 1.126756  -0.207147 0.344287 1.024217  -0.316361 -0.461553 1.151587  -0.292467 -0.568375 0.922179  -0.252569 -0.604379 0.619479  -0.289191 -0.393718 0.760487  -0.312013 -0.409140 0.561775  -0.367746 -0.463576 0.264135  -0.439925 -0.460273 0.075415  -0.345274 -0.256693 0.759816  -0.356362 -0.265544 0.556851  -0.403612 -0.239473 0.257886  -0.453683 -0.267875 0.064129  
-0.246924 -0.323462 1.407774  -0.315381 -0.317407 1.213931  -0.330034 -0.210892 1.165997  -0.307184 0.011789 1.125315  -0.210892 0.341371 1.026193  -0.322463 -0.465852 1.150893  -0.304181 -0.574853 0.922106  -0.259451 -0.603091 0.619273  -0.295997 -0.402167 0.759095  -0.312453 -0.412531 0.559293  -0.374237 -0.461773 0.261840  -0.440021 -0.460334 0.070759  -0.338999 -0.260147 0.758745  -0.351822 -0.267541 0.555948  -0.404744 -0.232612 0.258908  -0.450992 -0.267048 0.065191  
-0.244817 -0.324910 1.411243  -0.307789 -0.314851 1.215618  -0.329668 -0.210209 1.169459  -0.309229 0.011935 1.125188  -0.209605 0.341004 1.027975  -0.315525 -0.462906 1.151987  -0.299319 -0.567225 0.920947  -0.254553 -0.602675 0.618879  -0.290365 -0.396172 0.760582  -0.309773 -0.409138 0.564104  -0.372660 -0.461043 0.267555  -0.442072 -0.465371 0.077841  -0.335334 -0.254684 0.761505  -0.353340 -0.264509 0.559073  -0.404701 -0.234621 0.261141  -0.452903 -0.270377 0.068130  
-0.244589 -0.322264 1.411625  -0.306598 -0.318999 1.215184  -0.330926 -0.212730 1.169651  -0.309743 0.009443 1.124049  -0.209894 0.339077 1.028647  -0.318088 -0.467159 1.151204  -0.302669 -0.568026 0.918366  -0.257278 -0.608910 0.617046  -0.287295 -0.397209 0.760989  -0.311652 -0.408958 0.561385  -0.375575 -0.460602 0.264703  -0.440571 -0.464577 0.073374  -0.336716 -0.257330 0.761909  -0.354598 -0.265318 0.559622  -0.401034 -0.236418 0.260894  -0.454749 -0.259817 0.067463  
-0.244061 -0.325463 1.411857  -0.308913 -0.316493 1.216160  -0.330733 -0.211100 1.170015  -0.307607 0.009551 1.120047  -0.207026 0.341082 1.032529  -0.325622 -0.465051 1.153852  -0.309518 -0.577515 0.926449  -0.256770 -0.607246 0.625058  -0.286711 -0.395419 0.763945  -0.311025 -0.413229 0.567260  -0.369640 -0.459713 0.268853  -0.444168 -0.463491 0.081063  -0.337544 -0.256131 0.762100  -0.354010 -0.269357 0.559154  -0.404508 -0.236695 0.261046  -0.453389 -0.266991 0.067222  
-0.241811 -0.318705 1.410776  -0.305907 -0.312613 1.215729  -0.329278 -0.208217 1.168000  -0.311843 0.013506 1.120767  -0.205257 0.343722 1.035435  -0.320379 -0.461453 1.155082  -0.308966 -0.574223 0.928023  -0.259498 -0.601098 0.625838  -0.293856 -0.401841 0.762454  -0.312196 -0.411047 0.561673  -0.370114 -0.465057 0.264450  -0.444504 -0.467508 0.076592  -0.333550 -0.258765 0.761401  -0.352929 -0.265136 0.559031  -0.404802 -0.239362 0.260814  -0.453775 -0.262368 0.066066  
-0.241736 -0.323883 1.411728  -0.302683 -0.323212 1.214696  -0.332087 -0.218013 1.170346  -0.307726 0.003817 1.124402  -0.210710 0.333596 1.026581  -0.319480 -0.470665 1.149964  -0.306960 -0.569921 0.916276  -0.255749 -0.604619 0.615127  -0.287040 -0.397697 0.759335  -0.310196 -0.406212 0.558530  -0.373567 -0.468137 0.263597  -0.440950 -0.458208 0.073295  -0.337653 -0.258315 0.761821  -0.355250 -0.261984 0.559388  -0.400457 -0.238204 0.260031  -0.450311 -0.264923 0.065999  
-0.245291 -0.320388 1.409470  -0.306475 -0.320797 1.213344  -0.325691 -0.213972 1.167999  -0.313659 0.009046 1.125489  -0.205921 0.335571 1.028147  -0.323150 -0.468707 1.149653  -0.308877 -0.574148 0.918854  -0.257008 -0.609059 0.617837  -0.284243 -0.393462 0.760676  -0.309768 -0.409678 0.561434  -0.374849 -0.460555 0.264987  -0.442158 -0.463949 0.074467  -0.346709 -0.258825 0.761153  -0.351918 -0.265319 0.558602  -0.403428 -0.241119 0.260573  -0.454527 -0.260596 0.066048  
-0.244286 -0.325461 1.406773  -0.303394 -0.322147 1.209614  -0.329270 -0.217853 1.165373  -0.310395 0.004752 1.124664  -0.209729 0.334132 1.029655  -0.321108 -0.469419 1.146381  -0.309006 -0.575376 0.916040  -0.255980 -0.612970 0.615606  -0.281544 -0.391584 0.757925  -0.308402 -0.409519 0.559111  -0.377571 -0.464543 0.264264  -0.437802 -0.465562 0.071351  -0.347518 -0.258532 0.757213  -0.354693 -0.266539 0.553904  -0.404905 -0.235292 0.255840  -0.457249 -0.268073 0.063369  
-0.243802 -0.322406 1.412338  -0.306089 -0.324736 1.216231  -0.327894 -0.219737 1.171623  -0.316078 0.001022 1.120172  -0.210799 0.331429 1.034218  -0.320681 -0.471968 1.151715  -0.307757 -0.578847 0.921796  -0.258135 -0.609669 0.620008  -0.285344 -0.396396 0.762424  -0.311749 -0.408919 0.562600  -0.375681 -0.456871 0.265352  -0.445080 -0.461464 0.075597  -0.340526 -0.258741 0.763259  -0.352324 -0.263887 0.560038  -0.404693 -0.239138 0.261698  -0.453624 -0.263161 0.067044  
-0.240966 -0.325378 1.412593  -0.300809 -0.330238 1.215495  -0.330922 -0.226232 1.172185  -0.321656 -0.003856 1.126705  -0.213454 0.325006 1.038364  -0.316140 -0.476710 1.148036  -0.292675 -0.561759 0.909301  -0.241291 -0.595127 0.607933  -0.288956 -0.399764 0.758650  -0.310302 -0.403859 0.558065  -0.372785 -0.460498 0.262141  -0.443175 -0.463131 0.072731  -0.334723 -0.258912 0.763264  -0.355617 -0.260165 0.561131  -0.398836 -0.241314 0.261127  -0.449453 -0.266158 0.067044  
-0.240820 -0.326069 1.413358  -0.303220 -0.324440 1.217032  -0.335528 -0.222623 1.172046  -0.324608 -0.001114 1.123016  -0.213254 0.326483 1.033919  -0.318281 -0.471406 1.153213  -0.312406 -0.579228 0.923802  -0.254552 -0.614518 0.624019  -0.283072 -0.399233 0.761143  -0.309444 -0.409726 0.560892  -0.371453 -0.464591 0.264212  -0.443796 -0.462549 0.075479  -0.335589 -0.260772 0.762880  -0.352897 -0.264942 0.559842  -0.400881 -0.235768 0.261073  -0.452421 -0.261693 0.067323  
-0.239751 -0.324853 1.411977  -0.294721 -0.324746 1.213831  -0.327557 -0.222165 1.169628  -0.336716 -0.001142 1.118898  -0.210400 0.324180 1.042418  -0.314772 -0.471645 1.149435  -0.297975 -0.566974 0.914556  -0.249488 -0.608844 0.613475  -0.289771 -0.401816 0.758787  -0.310606 -0.407729 0.559099  -0.370370 -0.462036 0.262313  -0.446008 -0.462542 0.074942  -0.332056 -0.259063 0.761462  -0.353838 -0.262917 0.559226  -0.400609 -0.240294 0.259882  -0.454873 -0.267619 0.067099  
-0.237180 -0.326319 1.413844  -0.299645 -0.327177 1.217399  -0.328096 -0.224583 1.173028  -0.343405 -0.007615 1.108266  -0.216996 0.318136 1.033969  -0.316075 -0.473643 1.151653  -0.308051 -0.564577 0.914640  -0.253567 -0.604318 0.614732  -0.281487 -0.398676 0.761776  -0.309105 -0.409266 0.561966  -0.371245 -0.464387 0.265692  -0.443945 -0.460663 0.077176  -0.333606 -0.260160 0.763762  -0.349127 -0.263286 0.560909  -0.402936 -0.239520 0.262831  -0.452527 -0.264903 0.068530  
-0.238135 -0.324622 1.415408  -0.292565 -0.334093 1.216691  -0.326323 -0.231912 1.174898  -0.356879 -0.018626 1.105409  -0.222713 0.304055 1.031545  -0.316132 -0.479374 1.150554  -0.302205 -0.564924 0.912115  -0.248303 -0.609036 0.612742  -0.279925 -0.397460 0.762436  -0.310413 -0.408604 0.562940  -0.369872 -0.458851 0.265013  -0.441366 -0.459556 0.075962  -0.339797 -0.260266 0.765462  -0.351787 -0.264128 0.562098  -0.399981 -0.232253 0.263647  -0.450633 -0.268012 0.071233  
-0.235737 -0.329598 1.417337  -0.289423 -0.348308 1.220026  -0.331635 -0.247215 1.181932  -0.350892 -0.038469 1.098308  -0.192490 0.266586 1.003602  -0.321748 -0.493022 1.152431  -0.304323 -0.569510 0.911336  -0.249074 -0.610451 0.611837  -0.292768 -0.404398 0.765993  -0.310071 -0.406198 0.565577  -0.368484 -0.462101 0.268395  -0.441208 -0.465494 0.079834  -0.329238 -0.261048 0.771541  -0.353141 -0.263496 0.569103  -0.395652 -0.240719 0.268936  -0.450420 -0.262454 0.075555  
-0.235359 -0.328987 1.418359  -0.285154 -0.350909 1.220367  -0.325865 -0.249241 1.181222  -0.387822 -0.050717 1.095299  -0.211244 0.236131 0.981042  -0.319295 -0.494957 1.153168  -0.305660 -0.571411 0.911975  -0.248072 -0.604047 0.611891  -0.296698 -0.413209 0.764243  -0.307440 -0.407670 0.562974  -0.365973 -0.463027 0.265933  -0.441409 -0.462345 0.078447  -0.314612 -0.265924 0.770966  -0.348602 -0.262770 0.569605  -0.395364 -0.240842 0.269806  -0.452560 -0.266991 0.077644  
-0.233984 -0.324710 1.418709  -0.284450 -0.355621 1.221861  -0.330276 -0.255093 1.181616  -0.389192 -0.054090 1.095953  -0.218471 0.219554 0.951944  -0.312613 -0.500352 1.151814  -0.299705 -0.568476 0.907832  -0.243614 -0.602354 0.607546  -0.297823 -0.417608 0.763384  -0.306278 -0.407182 0.562028  -0.366177 -0.463398 0.265565  -0.444990 -0.462066 0.079499  -0.305593 -0.269370 0.772726  -0.345083 -0.261557 0.572893  -0.396167 -0.239253 0.274023  -0.452234 -0.264754 0.081474  
-0.232911 -0.327179 1.414298  -0.285293 -0.352535 1.217497  -0.332284 -0.254998 1.174672  -0.397311 -0.065108 1.079297  -0.225765 0.193696 0.917538  -0.301165 -0.498910 1.148978  -0.298272 -0.566841 0.905030  -0.237822 -0.598131 0.605366  -0.315884 -0.420463 0.757893  -0.306055 -0.405566 0.556096  -0.373952 -0.467913 0.262705  -0.445684 -0.456841 0.074135  -0.306219 -0.273325 0.766988  -0.343139 -0.258944 0.567360  -0.399143 -0.242860 0.268650  -0.447656 -0.271841 0.074495  
-0.233636 -0.324825 1.411101  -0.286829 -0.345288 1.214052  -0.335524 -0.250975 1.167516  -0.411841 -0.062978 1.075570  -0.215508 0.166499 0.896061  -0.295938 -0.494567 1.151017  -0.295177 -0.558595 0.905769  -0.236641 -0.585105 0.605168  -0.326205 -0.423956 0.755134  -0.308666 -0.408507 0.552722  -0.370510 -0.460048 0.255469  -0.443436 -0.461728 0.066968  -0.290599 -0.278611 0.762023  -0.341975 -0.260961 0.565558  -0.400559 -0.237402 0.268102  -0.449265 -0.261680 0.073394  
-0.233489 -0.324497 1.408246  -0.290130 -0.343264 1.211835  -0.337696 -0.248872 1.165205  -0.428106 -0.078657 1.054610  -0.217534 0.125733 0.863903  -0.292314 -0.491414 1.148420  -0.286954 -0.557110 0.903960  -0.237423 -0.598370 0.603504  -0.331216 -0.423909 0.753514  -0.311702 -0.409296 0.551634  -0.368567 -0.462834 0.253878  -0.445653 -0.460705 0.067065  -0.292118 -0.277998 0.759499  -0.341729 -0.260909 0.562347  -0.400079 -0.241384 0.264468  -0.449861 -0.261820 0.069577  
-0.231102 -0.326019 1.410657  -0.290037 -0.343315 1.214570  -0.338702 -0.248673 1.168754  -0.448131 -0.095106 1.051148  -0.210106 0.076216 0.859318  -0.296961 -0.491694 1.150546  -0.288941 -0.562548 0.907549  -0.238513 -0.603147 0.607168  -0.328570 -0.422010 0.755465  -0.313798 -0.405036 0.552588  -0.367280 -0.464229 0.255079  -0.442517 -0.463996 0.067470  -0.293984 -0.274697 0.762833  -0.345037 -0.257095 0.566235  -0.398472 -0.240522 0.267345  -0.448063 -0.263781 0.072737  
-0.232142 -0.319455 1.407607  -0.289232 -0.340715 1.211671  -0.338518 -0.246466 1.165940  -0.474920 -0.117417 1.042278  -0.227695 0.025715 0.840031  -0.294942 -0.489275 1.148061  -0.285648 -0.558955 0.904769  -0.231570 -0.594344 0.604349  -0.318900 -0.420073 0.752425  -0.309366 -0.405489 0.549678  -0.367422 -0.468552 0.254023  -0.449301 -0.457458 0.069581  -0.292917 -0.273312 0.760433  -0.343663 -0.258348 0.563936  -0.400675 -0.243642 0.265836  -0.449487 -0.266034 0.070966  
-0.235482 -0.323764 1.409037  -0.293455 -0.330381 1.212508  -0.343799 -0.237541 1.164412  -0.487083 -0.120830 1.035080  -0.247483 -0.002284 0.809360  -0.291250 -0.479425 1.151264  -0.284292 -0.553865 0.909326  -0.234067 -0.593934 0.608837  -0.320451 -0.418532 0.754499  -0.307726 -0.404614 0.552030  -0.370821 -0.462161 0.256355  -0.443468 -0.460371 0.067780  -0.301677 -0.271420 0.760328  -0.341479 -0.257000 0.561524  -0.401337 -0.244980 0.263904  -0.449883 -0.265397 0.068756  
-0.235490 -0.320741 1.406826  -0.302527 -0.320957 1.212437  -0.361667 -0.233650 1.162369  -0.493613 -0.120456 1.021552  -0.280580 -0.009974 0.766189  -0.289449 -0.470706 1.153508  -0.283303 -0.557489 0.915617  -0.232329 -0.598818 0.615404  -0.318342 -0.417463 0.755827  -0.307955 -0.405871 0.553034  -0.367026 -0.462871 0.256362  -0.446410 -0.456408 0.070617  -0.299036 -0.268796 0.759246  -0.344191 -0.258750 0.561290  -0.401167 -0.242026 0.263388  -0.449448 -0.263100 0.068254  
-0.235073 -0.321225 1.407436  -0.302889 -0.320779 1.214113  -0.360485 -0.232785 1.166108  -0.482755 -0.115754 1.016514  -0.305377 -0.002447 0.736750  -0.283754 -0.468030 1.150448  -0.279308 -0.554102 0.912093  -0.229301 -0.586508 0.610592  -0.309733 -0.409733 0.756199  -0.308238 -0.404171 0.553455  -0.366589 -0.463727 0.257318  -0.440995 -0.458156 0.069522  -0.315608 -0.260698 0.760558  -0.348251 -0.257998 0.560044  -0.403950 -0.242253 0.261936  -0.451199 -0.258174 0.066077  
-0.237141 -0.323346 1.407824  -0.299757 -0.326323 1.212049  -0.359475 -0.237869 1.165802  -0.478118 -0.132811 1.006258  -0.324563 -0.014520 0.710811  -0.288057 -0.474538 1.147639  -0.275171 -0.548157 0.905192  -0.221694 -0.585171 0.604781  -0.313379 -0.413971 0.754038  -0.307218 -0.407206 0.551424  -0.366391 -0.469335 0.255869  -0.444339 -0.460478 0.069625  -0.319067 -0.264606 0.758877  -0.350176 -0.261794 0.557618  -0.400566 -0.243924 0.258399  -0.454399 -0.265884 0.064790  
-0.235752 -0.321394 1.404325  -0.303736 -0.329399 1.210594  -0.360774 -0.239423 1.163923  -0.470379 -0.131645 0.999600  -0.330817 -0.036115 0.691673  -0.291606 -0.477567 1.148299  -0.278051 -0.550533 0.905959  -0.224163 -0.575428 0.604416  -0.318486 -0.419082 0.752172  -0.312043 -0.406013 0.549429  -0.368069 -0.463360 0.252123  -0.445832 -0.463148 0.065563  -0.315272 -0.269426 0.759140  -0.347428 -0.258772 0.559378  -0.402184 -0.240774 0.261500  -0.457415 -0.268220 0.069078  
-0.238274 -0.322501 1.407146  -0.304563 -0.326786 1.213157  -0.357853 -0.237215 1.164231  -0.472037 -0.136771 0.997768  -0.347643 -0.050942 0.674412  -0.290889 -0.475335 1.153646  -0.282581 -0.557510 0.914472  -0.225846 -0.583360 0.613601  -0.320046 -0.419275 0.755526  -0.308464 -0.407011 0.552983  -0.368774 -0.467971 0.257341  -0.443775 -0.456259 0.070037  -0.309297 -0.271711 0.760405  -0.345675 -0.260108 0.561180  -0.403384 -0.242202 0.263382  -0.455016 -0.265503 0.069345  
-0.238172 -0.318071 1.407772  -0.305347 -0.325336 1.213973  -0.361165 -0.236847 1.165306  -0.469610 -0.127378 1.000379  -0.354537 -0.066836 0.667791  -0.294835 -0.475138 1.156554  -0.280810 -0.551510 0.915807  -0.224267 -0.587166 0.615922  -0.316027 -0.420756 0.756553  -0.307635 -0.408284 0.553460  -0.369109 -0.465704 0.257185  -0.440315 -0.462441 0.068043  -0.309604 -0.272190 0.762042  -0.344603 -0.261296 0.562174  -0.400853 -0.238233 0.264561  -0.451758 -0.263517 0.070596  
-0.237415 -0.320197 1.407320  -0.304080 -0.328073 1.213341  -0.361066 -0.239545 1.165261  -0.463921 -0.134061 0.993828  -0.361982 -0.086660 0.654895  -0.289356 -0.476271 1.150279  -0.283456 -0.546310 0.906865  -0.218477 -0.584298 0.607700  -0.318089 -0.417506 0.755274  -0.308796 -0.407903 0.552564  -0.369612 -0.462279 0.255715  -0.441916 -0.460919 0.066989  -0.310079 -0.268243 0.760508  -0.341352 -0.259917 0.560151  -0.407024 -0.251480 0.263893  -0.446704 -0.256742 0.065808  
-0.236844 -0.319568 1.405833  -0.303039 -0.327120 1.211703  -0.361776 -0.238902 1.164125  -0.460228 -0.127835 0.993964  -0.372090 -0.087206 0.650309  -0.293680 -0.476497 1.149922  -0.279461 -0.550001 0.907669  -0.224438 -0.592885 0.608306  -0.321425 -0.419015 0.754127  -0.310492 -0.409398 0.551281  -0.368714 -0.461994 0.253518  -0.444312 -0.463452 0.066077  -0.316239 -0.269433 0.758978  -0.347832 -0.262467 0.558427  -0.399883 -0.239078 0.260182  -0.454020 -0.261664 0.066779  
-0.236836 -0.319675 1.407330  -0.303797 -0.330256 1.213529  -0.360629 -0.241513 1.165827  -0.456872 -0.127488 0.996249  -0.379716 -0.097063 0.648919  -0.293295 -0.479164 1.151436  -0.283399 -0.555693 0.909905  -0.226929 -0.586294 0.608942  -0.318549 -0.421516 0.756085  -0.311968 -0.414042 0.553541  -0.363769 -0.464077 0.254501  -0.441325 -0.463891 0.067903  -0.321350 -0.272855 0.759897  -0.349497 -0.267109 0.558369  -0.401356 -0.239125 0.260283  -0.455098 -0.264019 0.067014  
-0.236055 -0.320209 1.408260  -0.307496 -0.332174 1.216257  -0.361862 -0.242557 1.167678  -0.445826 -0.123002 0.995468  -0.382422 -0.101175 0.644730  -0.296736 -0.480743 1.154253  -0.284963 -0.554727 0.912168  -0.229865 -0.587564 0.611641  -0.319336 -0.420063 0.757798  -0.309052 -0.409264 0.555037  -0.366332 -0.465041 0.257746  -0.443287 -0.462492 0.070881  -0.309533 -0.271722 0.763147  -0.344477 -0.261879 0.562849  -0.401935 -0.240353 0.265211  -0.449983 -0.266990 0.070678  
-0.237171 -0.316795 1.406990  -0.303256 -0.333130 1.213706  -0.355734 -0.242347 1.165034  -0.438091 -0.120361 0.994015  -0.380759 -0.105819 0.641848  -0.293977 -0.481993 1.152570  -0.284464 -0.550390 0.908994  -0.227342 -0.579336 0.608453  -0.316579 -0.422815 0.755668  -0.310707 -0.409604 0.553413  -0.365717 -0.465034 0.255913  -0.442243 -0.462787 0.068915  -0.305046 -0.275092 0.761170  -0.344965 -0.262221 0.562269  -0.399419 -0.248490 0.263671  -0.452455 -0.264899 0.069312  
-0.237104 -0.318755 1.407828  -0.305205 -0.334040 1.214875  -0.366423 -0.245178 1.167366  -0.437736 -0.117440 0.996955  -0.396222 -0.100510 0.642691  -0.298422 -0.483185 1.150790  -0.288865 -0.555051 0.907894  -0.227665 -0.593324 0.609023  -0.323457 -0.420102 0.757273  -0.313006 -0.410295 0.554983  -0.359458 -0.465527 0.256040  -0.443956 -0.459948 0.072586  -0.315825 -0.270974 0.762176  -0.348756 -0.263025 0.561565  -0.399648 -0.245899 0.262156  -0.452062 -0.266842 0.068008  
-0.237547 -0.312534 1.404595  -0.304625 -0.333374 1.212322  -0.362938 -0.244664 1.165211  -0.433050 -0.115400 0.994131  -0.389873 -0.101683 0.639920  -0.294513 -0.482536 1.151088  -0.284318 -0.556705 0.908941  -0.229696 -0.592395 0.608660  -0.312542 -0.422107 0.754472  -0.313618 -0.410687 0.551561  -0.364767 -0.464794 0.253004  -0.445789 -0.460784 0.067917  -0.310701 -0.273416 0.761236  -0.348376 -0.263435 0.562496  -0.398947 -0.243026 0.264072  -0.452813 -0.261828 0.070236  
-0.234804 -0.316506 1.405614  -0.302667 -0.336336 1.212811  -0.355060 -0.244274 1.165412  -0.435851 -0.122189 0.993972  -0.387406 -0.111959 0.640332  -0.300251 -0.484978 1.148892  -0.285757 -0.558645 0.906963  -0.232571 -0.588088 0.605727  -0.320618 -0.421850 0.754376  -0.313707 -0.411887 0.551796  -0.367155 -0.468900 0.254160  -0.444309 -0.460309 0.067578  -0.307680 -0.272760 0.759539  -0.348011 -0.264274 0.559836  -0.403779 -0.244275 0.261560  -0.455502 -0.261667 0.066891  
-0.232560 -0.314681 1.405328  -0.304553 -0.333987 1.213895  -0.354550 -0.241721 1.165036  -0.432604 -0.111313 0.998038  -0.394185 -0.099014 0.643217  -0.299808 -0.482838 1.152782  -0.287593 -0.563229 0.913105  -0.230663 -0.587616 0.612136  -0.321615 -0.423578 0.755699  -0.315305 -0.413101 0.553007  -0.366210 -0.467713 0.254331  -0.445966 -0.464540 0.068652  -0.306085 -0.276024 0.760432  -0.346757 -0.264830 0.561061  -0.401585 -0.243859 0.262725  -0.452988 -0.262657 0.068108  
-0.235027 -0.311256 1.405773  -0.304076 -0.334175 1.213796  -0.356077 -0.242520 1.165784  -0.435307 -0.112349 0.999027  -0.393702 -0.096344 0.644721  -0.296811 -0.482364 1.149383  -0.288117 -0.559115 0.908075  -0.235571 -0.595164 0.607437  -0.316804 -0.419188 0.755714  -0.312823 -0.410754 0.553065  -0.371734 -0.463564 0.255715  -0.445534 -0.465177 0.067598  -0.319373 -0.270940 0.760914  -0.350703 -0.264068 0.561339  -0.398842 -0.243634 0.261778  -0.450279 -0.265452 0.067480  
-0.234182 -0.314729 1.404416  -0.305935 -0.334895 1.213408  -0.354662 -0.242307 1.164210  -0.435494 -0.114740 0.996157  -0.389305 -0.091296 0.642828  -0.301274 -0.484025 1.151217  -0.287537 -0.555428 0.908265  -0.234137 -0.596408 0.608387  -0.330710 -0.425195 0.756087  -0.314520 -0.411243 0.553853  -0.366930 -0.466939 0.255780  -0.447900 -0.459078 0.070790  -0.301018 -0.276037 0.760524  -0.346816 -0.263285 0.563095  -0.398259 -0.242905 0.264544  -0.454287 -0.263058 0.071414  
-0.234797 -0.315671 1.402670  -0.307638 -0.334712 1.212420  -0.358597 -0.243106 1.163196  -0.433486 -0.104908 1.001102  -0.394415 -0.082568 0.646835  -0.297153 -0.483279 1.150145  -0.284582 -0.558270 0.908316  -0.233949 -0.594170 0.607311  -0.325606 -0.425473 0.754692  -0.311835 -0.412289 0.552451  -0.370420 -0.466117 0.255090  -0.438288 -0.463747 0.064740  -0.305510 -0.276245 0.759676  -0.346166 -0.264786 0.561512  -0.399283 -0.244197 0.263502  -0.450881 -0.262591 0.069004  
-0.231768 -0.318756 1.402880  -0.309334 -0.331944 1.213871  -0.358271 -0.240555 1.163952  -0.422699 -0.102837 0.996741  -0.391570 -0.079219 0.641769  -0.303388 -0.482108 1.156175  -0.295673 -0.560331 0.915228  -0.232718 -0.604222 0.617631  -0.332999 -0.427726 0.756992  -0.312334 -0.413177 0.554749  -0.366443 -0.466863 0.256607  -0.443626 -0.461183 0.069927  -0.299281 -0.279807 0.762329  -0.345903 -0.265552 0.565072  -0.395494 -0.245674 0.266104  -0.450868 -0.260017 0.072257  
-0.234232 -0.314844 1.405115  -0.300119 -0.329474 1.211530  -0.350357 -0.237667 1.162760  -0.417587 -0.107356 0.991811  -0.394771 -0.063271 0.638189  -0.300649 -0.479830 1.153834  -0.285870 -0.557421 0.913334  -0.235321 -0.592471 0.612269  -0.320858 -0.424030 0.754550  -0.312401 -0.411711 0.551839  -0.367352 -0.463230 0.253290  -0.443465 -0.465793 0.066072  -0.305151 -0.277791 0.759529  -0.344123 -0.263623 0.561523  -0.397828 -0.245307 0.263026  -0.451894 -0.261595 0.068941  
-0.234528 -0.315609 1.402865  -0.303524 -0.332049 1.210643  -0.353554 -0.239617 1.161951  -0.409820 -0.116524 0.981097  -0.388725 -0.064998 0.628635  -0.296668 -0.480465 1.146614  -0.286091 -0.565219 0.908046  -0.236565 -0.591119 0.605848  -0.313232 -0.418807 0.752453  -0.313516 -0.409642 0.549967  -0.369872 -0.466215 0.252940  -0.447155 -0.463307 0.066263  -0.309294 -0.270621 0.757626  -0.347690 -0.262188 0.559242  -0.395664 -0.244480 0.260177  -0.454612 -0.262874 0.067779  
-0.233986 -0.312456 1.405244  -0.303748 -0.327958 1.213033  -0.352707 -0.236485 1.163223  -0.407665 -0.108568 0.985255  -0.396777 -0.053820 0.632536  -0.292828 -0.476368 1.151608  -0.289716 -0.556673 0.911593  -0.238909 -0.596105 0.611124  -0.318965 -0.419103 0.755950  -0.309789 -0.410507 0.553169  -0.370339 -0.467516 0.256896  -0.444207 -0.455256 0.069193  -0.319985 -0.272042 0.759348  -0.345731 -0.263186 0.559215  -0.399963 -0.240914 0.260937  -0.451236 -0.264414 0.066809  
-0.231810 -0.313489 1.406453  -0.302419 -0.327925 1.214352  -0.355319 -0.235578 1.166992  -0.414501 -0.119861 0.982023  -0.385209 -0.058160 0.631467  -0.300991 -0.477003 1.150862  -0.289735 -0.561427 0.912067  -0.238698 -0.590193 0.610389  -0.308901 -0.414336 0.756325  -0.315072 -0.408087 0.553116  -0.371209 -0.469201 0.256734  -0.442992 -0.460002 0.068040  -0.323061 -0.265690 0.761556  -0.350766 -0.260805 0.560508  -0.393617 -0.246129 0.260298  -0.453218 -0.260352 0.067714  
-0.234637 -0.312586 1.407811  -0.298975 -0.326352 1.213176  -0.353319 -0.234914 1.165574  -0.414983 -0.108917 0.988361  -0.394477 -0.055307 0.635877  -0.294934 -0.475305 1.149296  -0.290111 -0.558301 0.909827  -0.235848 -0.595023 0.609540  -0.312243 -0.414512 0.755664  -0.310138 -0.409038 0.553098  -0.367053 -0.466037 0.256277  -0.449159 -0.456491 0.071898  -0.316272 -0.265560 0.759666  -0.351404 -0.263195 0.559242  -0.396881 -0.242076 0.259555  -0.455256 -0.263232 0.067194  
-0.235272 -0.313211 1.406996  -0.302167 -0.329231 1.213944  -0.357223 -0.237715 1.166886  -0.413240 -0.110346 0.988947  -0.394193 -0.052634 0.637042  -0.300349 -0.478304 1.150029  -0.291794 -0.565068 0.912185  -0.241381 -0.598753 0.610679  -0.316386 -0.414307 0.755566  -0.308030 -0.408153 0.552840  -0.366665 -0.463985 0.255893  -0.440937 -0.461831 0.067951  -0.315354 -0.265799 0.761300  -0.348960 -0.262289 0.560940  -0.397726 -0.243407 0.261757  -0.451828 -0.261715 0.067881  
-0.234074 -0.314188 1.407256  -0.303219 -0.324015 1.214566  -0.353796 -0.232561 1.163845  -0.416637 -0.109070 0.985544  -0.388533 -0.053317 0.633937  -0.301363 -0.474449 1.154897  -0.292416 -0.556592 0.915281  -0.235517 -0.601920 0.616732  -0.317412 -0.420291 0.758182  -0.312750 -0.410468 0.554742  -0.367368 -0.469619 0.257655  -0.442366 -0.461190 0.070177  -0.298653 -0.270741 0.760515  -0.347555 -0.263015 0.563347  -0.396987 -0.245013 0.264172  -0.450459 -0.261675 0.069966  
-0.233685 -0.307558 1.404030  -0.304286 -0.327191 1.212471  -0.354483 -0.234493 1.164170  -0.416053 -0.110794 0.984962  -0.384547 -0.058078 0.633119  -0.305531 -0.478064 1.153530  -0.290956 -0.554402 0.911801  -0.236453 -0.598943 0.612591  -0.323935 -0.422970 0.756061  -0.313850 -0.408176 0.553640  -0.367179 -0.469153 0.256843  -0.442768 -0.464223 0.069502  -0.303252 -0.273991 0.761951  -0.341483 -0.259388 0.564059  -0.401689 -0.243288 0.267370  -0.449412 -0.255490 0.071441  
-0.232895 -0.310196 1.406419  -0.300965 -0.324550 1.213112  -0.349545 -0.232504 1.163111  -0.414165 -0.112681 0.982777  -0.380930 -0.063886 0.630568  -0.296155 -0.474179 1.154768  -0.291570 -0.557450 0.915900  -0.233978 -0.597624 0.616771  -0.323771 -0.422382 0.756347  -0.311531 -0.412048 0.553900  -0.372236 -0.464234 0.256552  -0.441940 -0.459485 0.066889  -0.307658 -0.273733 0.759353  -0.347635 -0.264780 0.560281  -0.398437 -0.242403 0.261534  -0.455524 -0.264262 0.068861  
-0.235478 -0.310125 1.405457  -0.301141 -0.322058 1.211812  -0.351010 -0.230878 1.162655  -0.417109 -0.109876 0.983612  -0.385570 -0.058698 0.631597  -0.292535 -0.471415 1.152284  -0.290088 -0.555247 0.913232  -0.233955 -0.607566 0.615672  -0.317327 -0.418113 0.755203  -0.314931 -0.408381 0.551805  -0.365727 -0.464012 0.253314  -0.444115 -0.458031 0.067125  -0.306262 -0.268719 0.758542  -0.348193 -0.260556 0.560200  -0.399821 -0.239752 0.261823  -0.454631 -0.261650 0.068552  
-0.235439 -0.310235 1.407180  -0.301867 -0.319696 1.213424  -0.354753 -0.229812 1.162560  -0.406923 -0.108139 0.979600  -0.378912 -0.061294 0.626687  -0.290813 -0.469182 1.153983  -0.287293 -0.555634 0.916055  -0.236553 -0.595880 0.615670  -0.317992 -0.417241 