16
0.100000
0.050000
0.090000
0.050000
0.040000
0.090000
0.050000
0.040000
0.100000
0.075000
0.050000
0.050000
0.100000
0.075000
0.050000
0.050000
24
0 1
1 2
1 5
1 8
1 12
2 5
2 8
2 12
5 8
5 12
8 9
8 13
12 9
12 13
8 12
9 13
2 3
3 4
5 6
6 7
9 10
10 11
13 14
14 15
-0.718564 -0.011366 1.417623  -0.778465 -0.013764 1.217451  -0.814681 0.087153 1.178285  -0.810617 0.197988 0.986969  -0.791760 0.194530 0.638681  -0.831777 -0.205793 1.153473  -0.789709 -0.266692 0.963546  -0.771780 -0.308598 0.660502  -0.773768 0.020003 0.759222  -0.786813 0.035878 0.550420  -0.828786 0.044558 0.245480  -0.832394 0.039185 0.042616  -0.829801 -0.169345 0.746010  -0.814376 -0.160210 0.540070  -0.820277 -0.191305 0.235651  -0.814131 -0.203358 0.032958  
-0.725191 -0.012416 1.402094  -0.784125 -0.021229 1.201482  -0.816449 0.081073 1.164574  -0.815157 0.204697 0.981067  -0.792148 0.197055 0.631804  -0.832365 -0.211895 1.131972  -0.797053 -0.274809 0.940110  -0.774233 -0.308875 0.635679  -0.780282 0.023495 0.744137  -0.783263 0.041701 0.536542  -0.834545 0.044174 0.233185  -0.836854 0.031631 0.030812  -0.823497 -0.168315 0.725907  -0.804739 -0.154806 0.520184  -0.837400 -0.192410 0.218140  -0.828594 -0.200025 0.015985  
-0.724145 -0.018001 1.397601  -0.773849 -0.018663 1.193828  -0.816945 0.081816 1.158791  -0.827469 0.199493 0.972259  -0.779318 0.189282 0.629349  -0.825743 -0.211375 1.127279  -0.804416 -0.272735 0.933215  -0.772559 -0.306222 0.629676  -0.775542 0.021966 0.738417  -0.790674 0.043936 0.533167  -0.837418 0.046225 0.229402  -0.840510 0.037567 0.026634  -0.826333 -0.168217 0.719046  -0.811757 -0.152249 0.511256  -0.841216 -0.186975 0.207611  -0.831454 -0.192271 0.005184  
-0.726061 -0.019755 1.399885  -0.779274 -0.033087 1.197864  -0.803884 0.071913 1.162385  -0.828162 0.200415 0.983983  -0.781004 0.192467 0.634034  -0.837876 -0.219166 1.124691  -0.807996 -0.284159 0.932420  -0.767186 -0.316927 0.629732  -0.772376 0.019412 0.740955  -0.787261 0.042751 0.534942  -0.831178 0.044896 0.230112  -0.821964 0.036787 0.027596  -0.821867 -0.170581 0.719797  -0.808578 -0.153499 0.514169  -0.837875 -0.194954 0.212454  -0.834670 -0.195698 0.010010  
-0.722346 -0.015250 1.402185  -0.776335 -0.029296 1.199407  -0.806517 0.075078 1.165192  -0.826756 0.204029 0.986700  -0.779335 0.196891 0.637184  -0.840674 -0.216339 1.128194  -0.814755 -0.277058 0.931844  -0.769950 -0.311999 0.629964  -0.782104 0.024107 0.742230  -0.789750 0.044452 0.534670  -0.834664 0.041414 0.230321  -0.837540 0.034206 0.027581  -0.821742 -0.168450 0.722132  -0.808058 -0.152041 0.516152  -0.839445 -0.194176 0.214544  -0.835753 -0.192157 0.012091  
-0.719116 -0.018640 1.400333  -0.772110 -0.027301 1.198117  -0.803037 0.076682 1.163179  -0.830246 0.204225 0.984649  -0.779779 0.190713 0.635714  -0.832937 -0.214751 1.127059  -0.819716 -0.279166 0.932566  -0.766457 -0.312631 0.631895  -0.779717 0.024378 0.740779  -0.787798 0.043446 0.532888  -0.834630 0.038298 0.227302  -0.841123 0.028769 0.024875  -0.820512 -0.168550 0.722144  -0.808062 -0.152850 0.516756  -0.835765 -0.192390 0.214986  -0.825938 -0.192331 0.012815  
-0.715778 -0.021029 1.399517  -0.773621 -0.033230 1.198597  -0.814136 0.070173 1.164976  -0.822538 0.201157 0.986724  -0.775428 0.192466 0.636551  -0.832343 -0.222294 1.126025  -0.822695 -0.281840 0.930685  -0.766117 -0.311839 0.630296  -0.784375 0.022399 0.743431  -0.788641 0.045002 0.537534  -0.834285 0.040575 0.233979  -0.836789 0.034867 0.031250  -0.819138 -0.171087 0.720711  -0.807977 -0.151077 0.514444  -0.835766 -0.193906 0.212464  -0.840451 -0.190818 0.010047  
-0.719043 -0.023416 1.399648  -0.772133 -0.035260 1.198331  -0.802944 0.069371 1.163207  -0.825945 0.201418 0.987375  -0.778333 0.189401 0.637654  -0.828792 -0.222214 1.124734  -0.823382 -0.282400 0.929510  -0.764419 -0.313220 0.629622  -0.774915 0.020041 0.742098  -0.787945 0.042552 0.535643  -0.832990 0.044889 0.231702  -0.844280 0.037173 0.028128  -0.817555 -0.171531 0.720608  -0.803618 -0.154266 0.515864  -0.839073 -0.196700 0.215449  -0.836697 -0.197238 0.013064  
-0.718273 -0.020571 1.399618  -0.770296 -0.036808 1.198734  -0.795415 0.067516 1.163223  -0.824406 0.200808 0.989113  -0.777521 0.187849 0.639316  -0.824663 -0.224271 1.125336  -0.826509 -0.280857 0.929243  -0.758666 -0.314054 0.631748  -0.771818 0.018839 0.742071  -0.781498 0.040423 0.534795  -0.836429 0.038751 0.232701  -0.840322 0.030427 0.030290  -0.818609 -0.172301 0.721164  -0.801297 -0.156049 0.516768  -0.831400 -0.197422 0.215807  -0.830839 -0.200421 0.013472  
-0.717333 -0.027739 1.396378  -0.770051 -0.032769 1.193371  -0.807645 0.069817 1.160355  -0.821768 0.205843 0.986582  -0.781792 0.183140 0.636849  -0.819572 -0.222229 1.123019  -0.827808 -0.282914 0.928581  -0.756823 -0.316178 0.632757  -0.782718 0.020334 0.737200  -0.784700 0.041073 0.529898  -0.836038 0.037774 0.225684  -0.842898 0.030982 0.023299  -0.815141 -0.173325 0.716039  -0.800023 -0.155586 0.509647  -0.834386 -0.193815 0.207404  -0.828895 -0.198620 0.004974  
-0.716725 -0.029255 1.398498  -0.769210 -0.038477 1.195880  -0.795543 0.066306 1.162136  -0.815823 0.196019 0.984102  -0.765627 0.183769 0.634947  -0.830110 -0.224912 1.123031  -0.828973 -0.283133 0.924831  -0.754033 -0.316761 0.628836  -0.777788 0.017972 0.739389  -0.786241 0.039853 0.532148  -0.835558 0.044107 0.227766  -0.841863 0.035023 0.025153  -0.817336 -0.175012 0.718228  -0.798679 -0.157391 0.513391  -0.832764 -0.198456 0.212440  -0.831770 -0.201511 0.010051  
-0.722011 -0.037391 1.398265  -0.770071 -0.040236 1.194766  -0.791201 0.063237 1.161100  -0.820119 0.193042 0.984586  -0.765067 0.184154 0.636421  -0.814451 -0.228704 1.121659  -0.831353 -0.294089 0.929188  -0.754097 -0.326221 0.634050  -0.772931 0.015778 0.738127  -0.785142 0.038136 0.531864  -0.830148 0.038286 0.228462  -0.834471 0.028745 0.026056  -0.810601 -0.177062 0.716334  -0.796984 -0.159220 0.510696  -0.828593 -0.204055 0.209839  -0.831361 -0.201289 0.007393  
-0.705901 -0.040033 1.401404  -0.756507 -0.038503 1.197980  -0.799922 0.063855 1.165830  -0.815964 0.191497 0.985917  -0.756459 0.179953 0.638884  -0.817486 -0.228812 1.127665  -0.822105 -0.298458 0.934900  -0.754156 -0.332697 0.637293  -0.779938 0.014692 0.742119  -0.783312 0.034119 0.534706  -0.825188 0.038463 0.229856  -0.830659 0.031210 0.027261  -0.809681 -0.181338 0.722613  -0.791213 -0.163250 0.516428  -0.819598 -0.200862 0.214172  -0.824112 -0.197380 0.011791  
-0.702695 -0.041312 1.397696  -0.751451 -0.037872 1.194934  -0.789611 0.065654 1.160437  -0.814438 0.188176 0.978186  -0.753510 0.171137 0.633875  -0.812993 -0.226525 1.127455  -0.822219 -0.301893 0.938094  -0.751716 -0.334298 0.641417  -0.767813 0.009091 0.739336  -0.783037 0.030465 0.533119  -0.827036 0.040351 0.230343  -0.840814 0.028697 0.028560  -0.810455 -0.183306 0.720604  -0.796452 -0.167800 0.514320  -0.819108 -0.203221 0.211484  -0.826884 -0.194755 0.009313  
-0.696548 -0.059105 1.393626  -0.749144 -0.048686 1.191196  -0.790598 0.053716 1.159255  -0.812408 0.179252 0.978658  -0.738129 0.162741 0.634389  -0.800276 -0.238597 1.121118  -0.811972 -0.307106 0.929381  -0.743925 -0.348214 0.633310  -0.772817 0.005057 0.736403  -0.780354 0.026789 0.529645  -0.827802 0.030429 0.224981  -0.832436 0.034203 0.022450  -0.804902 -0.188640 0.714817  -0.788706 -0.170345 0.508673  -0.813424 -0.205196 0.205284  -0.826283 -0.195539 0.003381  
-0.694230 -0.063231 1.398734  -0.743906 -0.055669 1.196245  -0.772379 0.048763 1.162452  -0.810929 0.174860 0.984927  -0.739307 0.157575 0.639462  -0.799904 -0.243492 1.125449  -0.808455 -0.308920 0.931504  -0.745146 -0.356863 0.634738  -0.763073 -0.001383 0.740532  -0.775923 0.020974 0.534052  -0.815494 0.031572 0.229371  -0.834880 0.024869 0.026153  -0.801092 -0.194550 0.720127  -0.782551 -0.177388 0.515084  -0.807217 -0.210399 0.212108  -0.825467 -0.200931 0.010721  
-0.679306 -0.072300 1.395638  -0.738225 -0.059938 1.195053  -0.778508 0.041219 1.162306  -0.789674 0.170787 0.983404  -0.722223 0.161547 0.638119  -0.783102 -0.251990 1.126196  -0.790521 -0.322843 0.933631  -0.738205 -0.363416 0.633670  -0.760513 -0.010172 0.739558  -0.773404 0.011327 0.531908  -0.811764 0.022295 0.225547  -0.843705 0.022976 0.025108  -0.796259 -0.204314 0.719917  -0.779027 -0.186134 0.514415  -0.815393 -0.212159 0.211871  -0.834254 -0.193338 0.011164  
-0.674675 -0.085595 1.397035  -0.740438 -0.068855 1.198025  -0.783563 0.031775 1.165355  -0.785553 0.156740 0.981818  -0.718010 0.160874 0.636324  -0.779622 -0.261735 1.127808  -0.786534 -0.328059 0.933479  -0.742028 -0.363449 0.631605  -0.764469 -0.018024 0.743286  -0.768602 0.004888 0.536776  -0.807520 0.024081 0.232431  -0.830339 0.028185 0.031066  -0.789535 -0.213245 0.721431  -0.776899 -0.192301 0.515271  -0.808412 -0.215200 0.211403  -0.826303 -0.200479 0.010207  
-0.656613 -0.088905 1.391613  -0.715472 -0.068733 1.191742  -0.763318 0.032472 1.159247  -0.782955 0.143555 0.969217  -0.709266 0.142560 0.630700  -0.770430 -0.261077 1.125596  -0.783553 -0.336700 0.935004  -0.737249 -0.376266 0.633870  -0.753376 -0.021827 0.737157  -0.748487 -0.003662 0.529022  -0.776470 0.016589 0.222806  -0.827293 0.025109 0.026552  -0.777731 -0.217197 0.719423  -0.776031 -0.199691 0.513479  -0.803762 -0.217579 0.209490  -0.835850 -0.202185 0.010209  
-0.656358 -0.098241 1.391052  -0.718819 -0.076722 1.192438  -0.760409 0.025611 1.158889  -0.769862 0.144802 0.972638  -0.705156 0.138124 0.628803  -0.777842 -0.267711 1.125199  -0.785031 -0.344705 0.934253  -0.733606 -0.382976 0.633505  -0.753348 -0.027059 0.737376  -0.739413 -0.008657 0.530491  -0.760625 0.009505 0.223275  -0.806860 0.012938 0.027892  -0.773071 -0.223312 0.718583  -0.776345 -0.203504 0.513010  -0.806835 -0.225678 0.209685  -0.829125 -0.203526 0.009723  
-0.640779 -0.110574 1.390154  -0.703375 -0.088229 1.191644  -0.745809 0.014766 1.158996  -0.741052 0.143755 0.976797  -0.703111 0.123112 0.626361  -0.764037 -0.278740 1.125690  -0.764878 -0.352504 0.935351  -0.700528 -0.394426 0.638311  -0.734535 -0.039287 0.739179  -0.711765 -0.022080 0.535252  -0.712579 -0.003588 0.229510  -0.786672 -0.009668 0.040544  -0.771779 -0.233083 0.717538  -0.773251 -0.209388 0.510664  -0.806612 -0.226494 0.207170  -0.832695 -0.206554 0.007306  
-0.626012 -0.113297 1.389731  -0.685648 -0.096290 1.190245  -0.731771 0.008136 1.159673  -0.737642 0.135841 0.977843  -0.692387 0.114131 0.627919  -0.756253 -0.283057 1.123108  -0.770211 -0.358433 0.934260  -0.689209 -0.397563 0.642856  -0.733602 -0.038478 0.737558  -0.700186 -0.024761 0.530461  -0.693152 -0.010276 0.223426  -0.756865 -0.005917 0.028591  -0.759073 -0.233395 0.716743  -0.764281 -0.211925 0.512144  -0.803491 -0.228723 0.210200  -0.833059 -0.207392 0.011172  
-0.604642 -0.127288 1.389172  -0.669038 -0.105808 1.192234  -0.707042 0.000703 1.161558  -0.725003 0.127536 0.978309  -0.685617 0.108557 0.627523  -0.754792 -0.290537 1.124759  -0.775666 -0.370980 0.938874  -0.658273 -0.404016 0.655008  -0.710720 -0.044892 0.741086  -0.669279 -0.028956 0.537593  -0.631946 -0.015467 0.233353  -0.697587 -0.033922 0.042375  -0.750388 -0.238438 0.717986  -0.750853 -0.212196 0.512962  -0.804672 -0.231647 0.212962  -0.838587 -0.207760 0.014882  
-0.586379 -0.128373 1.389684  -0.653030 -0.118387 1.193516  -0.684268 -0.010123 1.163812  -0.707056 0.115044 0.978263  -0.668583 0.115389 0.626863  -0.736281 -0.298770 1.125681  -0.766553 -0.374346 0.938965  -0.638095 -0.402557 0.663080  -0.694553 -0.055132 0.746092  -0.659285 -0.035978 0.546863  -0.595308 -0.010047 0.249604  -0.651710 -0.030703 0.056438  -0.744939 -0.244649 0.718313  -0.750274 -0.213051 0.513420  -0.800185 -0.226493 0.211924  -0.823138 -0.199997 0.012496  
-0.552958 -0.127937 1.389516  -0.625297 -0.124932 1.195463  -0.659452 -0.014682 1.167140  -0.681871 0.111148 0.980905  -0.635957 0.114324 0.630400  -0.725217 -0.300349 1.131312  -0.740316 -0.381777 0.945002  -0.584249 -0.415812 0.683970  -0.652116 -0.071995 0.753972  -0.621711 -0.046439 0.554581  -0.556763 -0.009391 0.259577  -0.584154 -0.029153 0.060221  -0.729849 -0.250151 0.723103  -0.723962 -0.217864 0.518328  -0.787787 -0.228114 0.219318  -0.820767 -0.210569 0.020311  
-0.544077 -0.128282 1.386828  -0.609519 -0.118639 1.190699  -0.647572 -0.012603 1.161378  -0.663691 0.113628 0.975480  -0.624498 0.106956 0.624223  -0.681693 -0.303383 1.126043  -0.731867 -0.386184 0.946647  -0.553219 -0.410193 0.702994  -0.637529 -0.071925 0.747930  -0.604164 -0.050438 0.549117  -0.527916 -0.008302 0.258048  -0.546731 -0.021330 0.057214  -0.702135 -0.256042 0.717874  -0.712726 -0.219163 0.512839  -0.781392 -0.227931 0.213625  -0.815644 -0.213431 0.014421  
-0.503948 -0.118694 1.377549  -0.571806 -0.111184 1.183508  -0.606778 -0.003677 1.152817  -0.622723 0.121230 0.965210  -0.593683 0.115870 0.612928  -0.662307 -0.293746 1.124924  -0.714054 -0.395515 0.957019  -0.499402 -0.413325 0.740176  -0.601146 -0.072201 0.743362  -0.570143 -0.051872 0.547976  -0.470318 -0.013251 0.264056  -0.461003 -0.016742 0.062271  -0.678019 -0.253394 0.715486  -0.682711 -0.217247 0.510406  -0.743375 -0.218459 0.209053  -0.784277 -0.199131 0.010047  
-0.483874 -0.120243 1.378753  -0.554479 -0.115081 1.184965  -0.584017 -0.006173 1.152927  -0.589719 0.114579 0.961793  -0.575319 0.115239 0.608537  -0.644045 -0.294082 1.124365  -0.697967 -0.397093 0.957148  -0.467832 -0.416912 0.764061  -0.568057 -0.078084 0.743722  -0.542841 -0.054646 0.547413  -0.439395 -0.011906 0.265221  -0.433534 -0.020655 0.063416  -0.657342 -0.252156 0.715378  -0.660298 -0.216673 0.511147  -0.738896 -0.220466 0.215231  -0.776794 -0.204875 0.016920  
-0.439817 -0.105145 1.370417  -0.505661 -0.101793 1.176074  -0.535891 0.006027 1.141834  -0.547173 0.120966 0.947329  -0.536425 0.124428 0.593984  -0.593744 -0.282726 1.117152  -0.668887 -0.413089 0.981256  -0.413076 -0.413994 0.814935  -0.514634 -0.080389 0.735532  -0.494489 -0.051062 0.540515  -0.377128 -0.005598 0.267118  -0.377990 -0.016363 0.065406  -0.610334 -0.247208 0.707849  -0.618738 -0.208497 0.502638  -0.708231 -0.213573 0.208580  -0.782644 -0.192518 0.021196  
-0.420017 -0.101477 1.370639  -0.477183 -0.102094 1.173292  -0.502403 0.005770 1.137923  -0.511452 0.121502 0.944137  -0.496649 0.124878 0.590954  -0.561041 -0.283069 1.110825  -0.650750 -0.415707 0.984597  -0.380242 -0.411930 0.839071  -0.464028 -0.081615 0.731668  -0.468125 -0.037498 0.540329  -0.342895 -0.004848 0.268681  -0.371621 -0.021936 0.069465  -0.576532 -0.241536 0.702796  -0.584423 -0.200822 0.498689  -0.707140 -0.218973 0.217483  -0.784983 -0.208405 0.030482  
-0.365872 -0.089848 1.363582  -0.425246 -0.087727 1.166192  -0.450226 0.020345 1.131271  -0.454634 0.139497 0.939340  -0.440458 0.138521 0.586123  -0.508384 -0.267444 1.104962  -0.597213 -0.416603 0.998379  -0.313001 -0.396607 0.883453  -0.410527 -0.071778 0.726163  -0.397262 -0.031857 0.535492  -0.287836 -0.002235 0.260659  -0.341277 -0.013078 0.066159  -0.523501 -0.227258 0.694393  -0.523687 -0.187660 0.488378  -0.659751 -0.212108 0.212992  -0.772128 -0.198804 0.044651  
-0.334321 -0.076248 1.365292  -0.388988 -0.094092 1.167339  -0.406295 0.015940 1.133612  -0.428459 0.129724 0.939587  -0.407957 0.143884 0.586938  -0.489737 -0.268053 1.101918  -0.565686 -0.417467 0.990800  -0.272371 -0.384022 0.905148  -0.370313 -0.065831 0.727577  -0.361355 -0.020808 0.536210  -0.274929 0.003557 0.250196  -0.343306 -0.010471 0.060639  -0.480123 -0.225234 0.692046  -0.472307 -0.186435 0.487411  -0.600316 -0.216282 0.209866  -0.724840 -0.204765 0.050408  
-0.285182 -0.056576 1.362344  -0.338467 -0.073889 1.163216  -0.360410 0.034809 1.129894  -0.368987 0.142574 0.931224  -0.340846 0.150741 0.578908  -0.421006 -0.251784 1.097113  -0.499898 -0.421237 1.015936  -0.205365 -0.370768 0.948203  -0.329601 -0.039385 0.724858  -0.308915 -0.000866 0.533369  -0.270759 -0.006484 0.235701  -0.337429 -0.002693 0.045058  -0.421681 -0.209085 0.686910  -0.386347 -0.183488 0.483309  -0.486394 -0.214230 0.195324  -0.642922 -0.192940 0.068576  
-0.227967 -0.040083 1.365681  -0.281662 -0.057485 1.167024  -0.305624 0.050661 1.132287  -0.313047 0.160766 0.934924  -0.273000 0.173757 0.583894  -0.363588 -0.237953 1.098903  -0.405334 -0.422772 1.025236  -0.111031 -0.352339 0.972454  -0.276730 -0.013978 0.724451  -0.272408 0.019707 0.529775  -0.262024 -0.010006 0.232019  -0.330350 0.021596 0.048888  -0.341794 -0.197826 0.691179  -0.291956 -0.179010 0.492359  -0.356499 -0.213170 0.197113  -0.517949 -0.186611 0.078222  
-0.202869 -0.033606 1.372039  -0.259250 -0.056730 1.175293  -0.286591 0.051234 1.140354  -0.287789 0.157473 0.940452  -0.234811 0.171061 0.591149  -0.333434 -0.239024 1.103776  -0.352015 -0.424729 1.021653  -0.057504 -0.347985 0.987400  -0.260414 -0.007091 0.729748  -0.260931 0.022143 0.530545  -0.253211 0.002464 0.228392  -0.327037 0.010483 0.044700  -0.315423 -0.195797 0.698407  -0.254019 -0.178369 0.502507  -0.275625 -0.206254 0.199920  -0.434427 -0.170935 0.082631  
-0.151963 -0.024065 1.375784  -0.210399 -0.041898 1.180423  -0.241509 0.062568 1.139183  -0.240655 0.169559 0.939554  -0.168101 0.179572 0.593619  -0.262103 -0.232182 1.108127  -0.239071 -0.425900 1.040940  0.050286 -0.350754 1.005097  -0.223774 0.007341 0.731588  -0.226069 0.028454 0.530235  -0.231679 0.008318 0.231089  -0.326600 0.007417 0.052783  -0.250833 -0.188042 0.705949  -0.193718 -0.170118 0.510770  -0.134878 -0.213067 0.216725  -0.291920 -0.176086 0.102185  
-0.130846 -0.021081 1.383015  -0.190938 -0.037164 1.188671  -0.226880 0.065879 1.145225  -0.213428 0.156763 0.937993  -0.131902 0.181347 0.594150  -0.238305 -0.229931 1.118704  -0.170884 -0.414505 1.049232  0.122621 -0.343815 1.015107  -0.215227 0.012178 0.737876  -0.206207 0.026067 0.535406  -0.219066 0.013249 0.232873  -0.326523 0.000055 0.062302  -0.245545 -0.186174 0.716724  -0.176643 -0.173432 0.523558  -0.056622 -0.198607 0.245374  -0.211030 -0.185655 0.115749  
-0.083630 -0.026137 1.380734  -0.145924 -0.036292 1.187425  -0.190282 0.062761 1.147626  -0.167993 0.153280 0.941386  -0.070267 0.179081 0.602497  -0.170329 -0.231794 1.116116  -0.060501 -0.402133 1.068284  0.237013 -0.337981 1.026667  -0.155630 0.012600 0.736124  -0.156496 0.025237 0.534331  -0.211318 0.011962 0.241411  -0.304881 0.005646 0.067026  -0.190148 -0.184639 0.716896  -0.120133 -0.173467 0.525994  -0.001830 -0.196005 0.247444  -0.111401 -0.202428 0.077791  
-0.058697 -0.029590 1.379589  -0.122582 -0.035295 1.186575  -0.168315 0.063421 1.147816  -0.156937 0.149564 0.938268  -0.065848 0.187489 0.598701  -0.141962 -0.230739 1.114758  0.008242 -0.369858 1.083261  0.309030 -0.346050 1.026684  -0.147224 0.015070 0.735435  -0.138977 0.026023 0.533351  -0.202102 0.013730 0.238764  -0.299009 -0.004782 0.067095  -0.152632 -0.183223 0.718855  -0.104463 -0.172477 0.525717  0.026202 -0.194596 0.253175  -0.064029 -0.209164 0.073027  
-0.017129 -0.036761 1.374373  -0.073932 -0.053954 1.180781  -0.133117 0.037154 1.146538  -0.101200 0.143208 0.949501  -0.007959 0.176104 0.610047  -0.063373 -0.248888 1.107700  0.113697 -0.352350 1.102995  0.408954 -0.346183 1.050555  -0.088378 0.003669 0.733237  -0.097945 0.019209 0.531676  -0.183038 0.017123 0.243039  -0.286510 -0.005274 0.073961  -0.087083 -0.194735 0.711771  -0.047505 -0.175707 0.514747  0.060967 -0.200046 0.232833  -0.009196 -0.228340 0.045527  
0.008798 -0.046702 1.371338  -0.047525 -0.055759 1.176549  -0.109459 0.033504 1.142411  -0.091190 0.139063 0.943301  -0.001414 0.181151 0.603754  -0.019822 -0.246965 1.098029  0.170734 -0.332207 1.094170  0.473050 -0.340935 1.074822  -0.080687 0.005390 0.727263  -0.080460 0.019587 0.525603  -0.170039 0.004275 0.238017  -0.285399 -0.011882 0.072987  -0.044853 -0.191274 0.706986  -0.022165 -0.172337 0.511354  0.091365 -0.204436 0.231892  0.020763 -0.228343 0.044148  
0.059288 -0.063676 1.365492  -0.005749 -0.061723 1.174617  -0.068562 0.024926 1.137114  -0.047448 0.122586 0.933841  0.034638 0.167899 0.592877  0.049927 -0.249584 1.100306  0.249933 -0.310938 1.094754  0.561788 -0.331578 1.081583  -0.022497 -0.006331 0.723521  -0.030322 0.001848 0.520792  -0.121614 0.003244 0.231488  -0.257757 -0.008171 0.082617  0.026686 -0.199752 0.707302  0.048225 -0.184053 0.511300  0.154778 -0.203335 0.234775  0.053911 -0.230604 0.062112  
0.083393 -0.073241 1.359562  0.014596 -0.065047 1.171425  -0.049856 0.021581 1.133632  -0.036989 0.110148 0.925738  0.042300 0.160658 0.584887  0.085981 -0.247138 1.096878  0.286905 -0.302242 1.098689  0.594657 -0.327597 1.081949  -0.015377 -0.013850 0.719784  -0.002940 -0.000718 0.518345  -0.085687 0.002029 0.226614  -0.237008 -0.014736 0.093790  0.060363 -0.200252 0.705853  0.076076 -0.185593 0.509312  0.184368 -0.208129 0.233677  0.060908 -0.222334 0.074462  
0.139185 -0.085986 1.349033  0.055108 -0.065324 1.167803  -0.003350 0.023029 1.127132  -0.025520 0.107791 0.918709  0.058588 0.157558 0.578945  0.137631 -0.243625 1.098691  0.342388 -0.298045 1.108771  0.650208 -0.323982 1.090205  0.035202 -0.023498 0.714917  0.049770 -0.013174 0.512019  0.002154 0.012713 0.213581  -0.172287 -0.025891 0.119213  0.115263 -0.206074 0.705236  0.114061 -0.204730 0.507329  0.220918 -0.209495 0.229751  0.077210 -0.221600 0.088332  
0.166081 -0.093315 1.353055  0.088087 -0.083834 1.169905  0.024887 0.002306 1.130741  -0.011330 0.093389 0.926876  0.069620 0.148818 0.587207  0.179731 -0.255349 1.098831  0.391049 -0.299127 1.102365  0.695986 -0.328016 1.090644  0.071502 -0.032761 0.717233  0.085612 -0.018503 0.514652  0.050887 0.021206 0.215841  -0.126424 -0.027362 0.134388  0.139605 -0.218019 0.705259  0.140728 -0.212743 0.507532  0.232698 -0.208473 0.225219  0.082561 -0.229933 0.092904  
0.215904 -0.104524 1.351860  0.125401 -0.080697 1.177285  0.059909 0.002743 1.136177  0.010893 0.082569 0.930342  0.093764 0.135486 0.590735  0.218447 -0.252308 1.113418  0.426087 -0.299859 1.111410  0.740491 -0.322551 1.084345  0.109935 -0.038730 0.724982  0.141659 -0.017427 0.524686  0.122589 0.023647 0.224901  -0.051512 -0.039181 0.153610  0.197151 -0.216526 0.714767  0.180042 -0.215769 0.517609  0.243143 -0.221957 0.227433  0.086966 -0.230572 0.099611  
0.243603 -0.107031 1.353575  0.139488 -0.088802 1.183470  0.075104 -0.004853 1.142133  0.028341 0.073229 0.934982  0.099793 0.131169 0.593570  0.245059 -0.255683 1.115198  0.457208 -0.291512 1.103460  0.762824 -0.316431 1.093548  0.110822 -0.046046 0.731708  0.157002 -0.016188 0.534802  0.164684 0.021894 0.234103  -0.017200 -0.026244 0.162658  0.218543 -0.217027 0.719684  0.198571 -0.213626 0.522761  0.242748 -0.222170 0.229093  0.085282 -0.231726 0.102931  
0.285081 -0.115544 1.359375  0.179467 -0.095208 1.188125  0.104734 -0.016861 1.148911  0.058476 0.058144 0.940944  0.116946 0.117120 0.597299  0.278299 -0.263488 1.121663  0.486426 -0.301970 1.112230  0.797632 -0.319170 1.088854  0.164802 -0.046911 0.737545  0.199006 -0.022874 0.537567  0.217061 0.025827 0.238906  0.038493 -0.031810 0.166550  0.255824 -0.223411 0.724613  0.226703 -0.222825 0.527472  0.248324 -0.218528 0.231293  0.091257 -0.231540 0.107368  
0.302068 -0.123947 1.354463  0.194222 -0.086011 1.189796  0.121330 -0.007102 1.151257  0.066189 0.053558 0.940718  0.127143 0.115066 0.597965  0.284184 -0.259225 1.121007  0.491524 -0.308262 1.115325  0.800693 -0.328147 1.078317  0.148253 -0.048248 0.737742  0.200387 -0.020582 0.539785  0.247625 0.020966 0.244593  0.067756 -0.029931 0.168038  0.275022 -0.213921 0.727024  0.237682 -0.218930 0.528568  0.248693 -0.227113 0.230040  0.087637 -0.228309 0.108124  
0.331940 -0.122830 1.344043  0.197798 -0.107286 1.195810  0.146873 -0.013247 1.157807  0.092727 0.045866 0.947044  0.140989 0.108482 0.602496  0.310062 -0.262655 1.131615  0.530388 -0.313034 1.108298  0.835697 -0.325977 1.068033  0.189529 -0.046411 0.745641  0.233770 -0.018888 0.545763  0.270511 0.018611 0.247032  0.088426 -0.023838 0.170492  0.299569 -0.212540 0.734329  0.264919 -0.218591 0.538216  0.255595 -0.228330 0.236635  0.096684 -0.229765 0.111939  
0.341373 -0.122462 1.339751  0.206935 -0.103594 1.196113  0.173242 -0.001291 1.157983  0.102936 0.041212 0.947410  0.153664 0.107084 0.603757  0.323848 -0.263162 1.124493  0.533575 -0.307662 1.110798  0.838486 -0.322940 1.066916  0.195167 -0.049250 0.743578  0.244195 -0.021755 0.545432  0.282661 0.015396 0.247143  0.100362 -0.024073 0.169587  0.317844 -0.209697 0.735305  0.279296 -0.221003 0.541780  0.254372 -0.224112 0.241073  0.098408 -0.228411 0.112774  
0.361828 -0.127052 1.331323  0.222489 -0.067536 1.199404  0.169901 0.026191 1.158409  0.127262 0.040436 0.940458  0.174281 0.104319 0.595972  0.319086 -0.241288 1.134856  0.515546 -0.318350 1.101717  0.823727 -0.315681 1.074258  0.193556 -0.044298 0.743473  0.255847 -0.015745 0.545979  0.295374 -0.003997 0.245831  0.109863 -0.014897 0.166641  0.348280 -0.180058 0.745190  0.303405 -0.212423 0.551327  0.262569 -0.232092 0.254783  0.117018 -0.223810 0.114960  
0.374050 -0.129811 1.329148  0.227357 -0.099124 1.199445  0.164111 -0.013968 1.157433  0.131343 0.049105 0.943415  0.179500 0.109298 0.598422  0.330805 -0.268215 1.135159  0.526368 -0.326541 1.091798  0.832808 -0.314291 1.073242  0.209645 -0.065495 0.749051  0.258048 -0.039252 0.552450  0.288553 -0.001664 0.253224  0.109760 -0.009621 0.159522  0.319094 -0.234446 0.741653  0.295952 -0.237589 0.544638  0.262423 -0.222898 0.248392  0.124994 -0.226717 0.105695  
0.383327 -0.126566 1.320095  0.214083 -0.107310 1.212407  0.183482 -0.005735 1.171308  0.159380 0.049828 0.953498  0.194171 0.109168 0.606718  0.331535 -0.255046 1.160338  0.532495 -0.331924 1.080819  0.840741 -0.311204 1.075274  0.237065 -0.050174 0.761171  0.307137 -0.024136 0.567887  0.321188 -0.001427 0.265407  0.146935 -0.013036 0.163701  0.356706 -0.214199 0.761352  0.314736 -0.226355 0.564724  0.283005 -0.218528 0.264171  0.148370 -0.238298 0.114884  
0.397850 -0.128830 1.322524  0.241572 -0.073440 1.212127  0.205858 0.027967 1.170705  0.177079 0.048593 0.947393  0.204921 0.106475 0.599742  0.352256 -0.239541 1.143356  0.537676 -0.314404 1.080889  0.845007 -0.313568 1.074413  0.218125 -0.047761 0.755870  0.285826 -0.014754 0.559764  0.332584 -0.006409 0.260441  0.157810 -0.010161 0.159212  0.378032 -0.177147 0.758907  0.333704 -0.211565 0.567743  0.278426 -0.221883 0.276300  0.167486 -0.235985 0.109522  
0.411603 -0.128477 1.322474  0.260292 -0.062289 1.211614  0.209668 0.030616 1.168073  0.191727 0.062249 0.946760  0.223324 0.116758 0.598920  0.342914 -0.241590 1.150522  0.538690 -0.306663 1.079975  0.846699 -0.316122 1.074308  0.228285 -0.039578 0.757707  0.297164 -0.012621 0.562587  0.332152 -0.006286 0.262803  0.163920 -0.003423 0.156371  0.357826 -0.203048 0.756209  0.336675 -0.210893 0.560577  0.276516 -0.228058 0.270842  0.185291 -0.222337 0.095307  
0.415752 -0.126256 1.322123  0.263243 -0.053557 1.210605  0.234117 0.047256 1.167550  0.197027 0.069217 0.945432  0.232351 0.122584 0.597708  0.354837 -0.233284 1.146409  0.538280 -0.310828 1.073130  0.846512 -0.313099 1.074313  0.246649 -0.030518 0.752761  0.306257 -0.009154 0.554728  0.341684 0.004562 0.255721  0.166566 -0.000046 0.155141  0.393702 -0.172672 0.758210  0.352241 -0.205992 0.565085  0.283123 -0.214637 0.276024  0.200902 -0.218713 0.091559  
0.438265 -0.124858 1.330536  0.288252 -0.063009 1.209821  0.222146 0.017657 1.159634  0.205190 0.078264 0.942090  0.247183 0.131951 0.595163  0.386546 -0.234791 1.154745  0.562342 -0.323605 1.068157  0.869538 -0.304967 1.075702  0.292626 -0.031692 0.758135  0.342182 -0.025749 0.557326  0.333162 0.013522 0.258848  0.163871 -0.003907 0.151106  0.374183 -0.219684 0.754464  0.334216 -0.227688 0.561634  0.290836 -0.207162 0.263647  0.205602 -0.226658 0.082315  
0.437692 -0.128260 1.329664  0.289553 -0.068099 1.209252  0.213733 0.002637 1.160553  0.207133 0.075496 0.946016  0.253574 0.134720 0.600520  0.400648 -0.236796 1.156727  0.564091 -0.327002 1.060658  0.870613 -0.308230 1.076057  0.291988 -0.048330 0.757549  0.343591 -0.030868 0.559109  0.324440 0.010818 0.261074  0.163341 -0.008224 0.147548  0.386860 -0.222971 0.756297  0.358536 -0.232595 0.558074  0.293021 -0.208729 0.268752  0.205412 -0.240923 0.089609  
0.454888 -0.126571 1.331342  0.308359 -0.055740 1.209953  0.239196 0.025637 1.167258  0.217603 0.081062 0.948789  0.262428 0.143519 0.603674  0.378436 -0.241876 1.144980  0.560501 -0.308962 1.067725  0.867639 -0.306356 1.076810  0.272271 -0.033299 0.755107  0.332169 -0.013673 0.560231  0.334372 0.011002 0.258181  0.173530 -0.014627 0.145311  0.369705 -0.211497 0.753575  0.351745 -0.214907 0.557610  0.289610 -0.206079 0.267916  0.210906 -0.245223 0.090600  
0.465790 -0.133818 1.333114  0.319972 -0.059071 1.210646  0.237639 0.012721 1.171810  0.222793 0.076788 0.954925  0.265230 0.142549 0.610094  0.382145 -0.249837 1.145055  0.567454 -0.315961 1.070173  0.874332 -0.297732 1.079433  0.279635 -0.033807 0.759569  0.334371 -0.022203 0.562064  0.331069 0.012481 0.260938  0.179588 -0.022405 0.137639  0.345257 -0.226743 0.753497  0.348382 -0.222370 0.556280  0.289481 -0.199887 0.266437  0.214119 -0.254379 0.091706  
0.458336 -0.124617 1.330532  0.315227 -0.036233 1.221398  0.251687 0.046613 1.174962  0.229179 0.077579 0.951904  0.268005 0.141956 0.606438  0.381694 -0.226567 1.153406  0.562535 -0.300213 1.073832  0.870415 -0.306635 1.072231  0.289397 -0.014821 0.763324  0.341202 0.000791 0.563800  0.349562 0.012307 0.265023  0.192499 -0.017318 0.143858  0.423352 -0.167891 0.766230  0.374519 -0.198607 0.573173  0.297868 -0.201644 0.283856  0.218405 -0.248402 0.104124  
0.452959 -0.120452 1.325748  0.302204 -0.041454 1.213685  0.238021 0.041658 1.170761  0.228498 0.073927 0.947495  0.275005 0.136287 0.602657  0.381417 -0.225126 1.145710  0.563895 -0.297858 1.074075  0.871059 -0.307602 1.072145  0.250864 -0.028483 0.756514  0.318979 0.002161 0.561915  0.339454 0.001664 0.259495  0.182432 -0.009558 0.138515  0.391556 -0.178478 0.758255  0.364303 -0.195125 0.564836  0.293215 -0.206753 0.277702  0.222902 -0.245036 0.096774  
0.455977 -0.122557 1.326412  0.306742 -0.067063 1.207698  0.262239 0.029136 1.167400  0.225783 0.075235 0.949374  0.270531 0.141746 0.605081  0.394196 -0.243385 1.135948  0.580112 -0.307582 1.065639  0.887324 -0.306632 1.076923  0.280362 -0.026416 0.752841  0.334117 -0.001170 0.555880  0.338281 0.007004 0.256014  0.180413 -0.009966 0.137719  0.396534 -0.193863 0.747597  0.371224 -0.200012 0.553599  0.283666 -0.205476 0.271173  0.226328 -0.240422 0.085116  
0.463097 -0.122297 1.327632  0.319307 -0.048341 1.207420  0.256553 0.037409 1.166599  0.226531 0.071570 0.945445  0.271127 0.135604 0.600665  0.384760 -0.234486 1.141894  0.574434 -0.314742 1.066472  0.882030 -0.297554 1.077817  0.287509 -0.015476 0.752985  0.348096 0.006595 0.554269  0.344945 0.006279 0.252173  0.177992 -0.007596 0.139310  0.426820 -0.168897 0.750403  0.372014 -0.194367 0.557905  0.291484 -0.209980 0.269779  0.223999 -0.237747 0.081421  
0.452157 -0.123575 1.322081  0.299694 -0.053644 1.207456  0.246362 0.039804 1.167111  0.222782 0.073948 0.944506  0.263683 0.137281 0.599085  0.385628 -0.227235 1.139523  0.574973 -0.308719 1.068252  0.882961 -0.302763 1.074743  0.258299 -0.024505 0.754272  0.320666 0.008965 0.557825  0.344929 0.003970 0.255489  0.178049 -0.002564 0.141762  0.419926 -0.155448 0.749962  0.361601 -0.189206 0.560187  0.291039 -0.209820 0.266165  0.226278 -0.231552 0.077784  
0.453720 -0.128985 1.326135  0.307436 -0.076548 1.204325  0.231677 -0.004337 1.159464  0.216483 0.073939 0.947634  0.261734 0.137262 0.602730  0.397220 -0.256469 1.148777  0.572743 -0.331000 1.064601  0.878015 -0.297303 1.072760  0.281432 -0.059300 0.759998  0.331710 -0.022332 0.565906  0.333725 0.003090 0.266223  0.175432 0.002633 0.140736  0.394922 -0.224978 0.747030  0.363876 -0.221070 0.547691  0.284635 -0.207789 0.261991  0.228960 -0.233417 0.073751  
0.472025 -0.135544 1.333320  0.325571 -0.060098 1.211370  0.253204 0.018059 1.169612  0.223283 0.066868 0.950587  0.253196 0.131953 0.604331  0.389129 -0.250160 1.143029  0.569118 -0.327227 1.061110  0.874446 -0.292742 1.080126  0.280816 -0.034158 0.757545  0.330695 -0.013635 0.558892  0.340510 0.016244 0.258744  0.186178 -0.005697 0.136661  0.403046 -0.198916 0.751804  0.353269 -0.214531 0.557058  0.285664 -0.208573 0.264706  0.229192 -0.243864 0.078020  
0.473814 -0.134842 1.335764  0.328583 -0.057311 1.215546  0.254836 0.021233 1.172540  0.220246 0.064336 0.952760  0.247345 0.130388 0.606433  0.404291 -0.242145 1.145949  0.572576 -0.333960 1.058374  0.876034 -0.290630 1.084029  0.276199 -0.025090 0.762048  0.357865 -0.010209 0.560160  0.349122 0.016838 0.258207  0.190937 -0.006951 0.134781  0.404076 -0.200361 0.756635  0.363026 -0.212614 0.563503  0.287588 -0.205135 0.272497  0.223975 -0.248976 0.085853  
0.458811 -0.133209 1.331601  0.311551 -0.054993 1.212655  0.245645 0.026848 1.170829  0.221751 0.060075 0.948352  0.247981 0.124251 0.601691  0.374729 -0.242826 1.141783  0.555568 -0.325950 1.065360  0.861306 -0.297048 1.075579  0.260102 -0.034421 0.756939  0.311732 -0.007164 0.558834  0.344311 0.003730 0.260544  0.191450 -0.006663 0.135128  0.391661 -0.189254 0.751986  0.358753 -0.203953 0.559083  0.278712 -0.219112 0.274536  0.229290 -0.240819 0.084201  
0.444413 -0.135054 1.326510  0.290575 -0.086405 1.211899  0.239940 0.005327 1.170405  0.208992 0.061672 0.954301  0.239794 0.128323 0.608510  0.383148 -0.259908 1.146693  0.561968 -0.335215 1.063794  0.866705 -0.300415 1.081566  0.261213 -0.057729 0.759052  0.323610 -0.028292 0.567010  0.329706 0.006496 0.266670  0.189345 -0.001642 0.127157  0.362353 -0.233144 0.753114  0.351924 -0.228125 0.556100  0.269862 -0.216694 0.271313  0.231969 -0.233964 0.077799  
0.447419 -0.139579 1.331150  0.298827 -0.072317 1.211525  0.255560 0.025212 1.172239  0.212355 0.059797 0.953498  0.231577 0.127100 0.606990  0.374767 -0.254697 1.134949  0.558644 -0.328990 1.065825  0.864655 -0.302621 1.079562  0.263902 -0.028508 0.757249  0.318318 -0.009707 0.554861  0.346421 0.010170 0.254840  0.192670 -0.001789 0.125214  0.408775 -0.183373 0.750432  0.358392 -0.207943 0.559758  0.273108 -0.217855 0.274439  0.226787 -0.229460 0.078165  
0.436109 -0.137169 1.329260  0.298519 -0.103053 1.192933  0.267725 -0.001963 1.152291  0.199169 0.054922 0.948342  0.232125 0.120985 0.602637  0.391034 -0.277352 1.124254  0.566826 -0.351155 1.049392  0.864783 -0.316460 1.075352  0.260322 -0.074468 0.746215  0.335652 -0.037024 0.557671  0.320448 0.004675 0.264076  0.184538 0.011664 0.120280  0.349723 -0.252436 0.734893  0.345844 -0.238412 0.540154  0.268994 -0.222969 0.255706  0.226899 -0.219147 0.062580  
0.440774 -0.132170 1.333298  0.287112 -0.089857 1.209779  0.233178 0.003248 1.169726  0.200106 0.050057 0.951424  0.228134 0.119581 0.605964  0.372873 -0.263964 1.139520  0.555998 -0.345605 1.062321  0.860136 -0.306117 1.081323  0.258685 -0.044509 0.757388  0.312542 -0.017944 0.557593  0.330327 0.015379 0.256546  0.188462 0.001492 0.113322  0.380079 -0.209490 0.746739  0.328028 -0.219683 0.551852  0.265442 -0.218903 0.255804  0.225004 -0.223078 0.057935  
0.430161 -0.138922 1.330631  0.278523 -0.074595 1.213124  0.212269 0.009552 1.174249  0.193533 0.048385 0.953042  0.224212 0.110092 0.606324  0.357038 -0.255429 1.142365  0.531397 -0.340391 1.064406  0.835433 -0.313861 1.080599  0.224858 -0.047839 0.759474  0.273316 -0.022564 0.561166  0.306970 0.004883 0.261170  0.187553 0.010181 0.102822  0.349266 -0.210017 0.751684  0.320561 -0.219091 0.556165  0.258466 -0.224507 0.265335  0.224901 -0.223815 0.067289  
0.421023 -0.137937 1.330113  0.278896 -0.067019 1.209099  0.215271 0.018607 1.169122  0.187801 0.046330 0.946319  0.218927 0.104609 0.599008  0.348633 -0.254353 1.135071  0.528418 -0.338517 1.062597  0.834868 -0.317120 1.080361  0.229118 -0.038614 0.754590  0.272772 -0.014053 0.554284  0.318159 0.006373 0.258568  0.189318 0.015295 0.104273  0.375890 -0.182213 0.748116  0.324056 -0.209741 0.556461  0.263342 -0.227833 0.264517  0.216668 -0.222778 0.068048  
0.411003 -0.143612 1.331861  0.270563 -0.070731 1.207944  0.191654 0.007296 1.171136  0.174380 0.048013 0.949004  0.211344 0.104336 0.601963  0.340738 -0.253526 1.137096  0.517309 -0.341729 1.061274  0.823426 -0.320123 1.078892  0.205533 -0.044285 0.757100  0.253091 -0.016881 0.557355  0.292559 -0.002399 0.261680  0.173226 0.024727 0.102861  0.341722 -0.201568 0.745175  0.301551 -0.213060 0.551957  0.250638 -0.230458 0.260007  0.225048 -0.214286 0.064356  
0.397693 -0.138505 1.327266  0.237866 -0.086033 1.216266  0.177716 -0.000725 1.171891  0.164045 0.053353 0.952415  0.201026 0.113880 0.606048  0.350129 -0.251706 1.151963  0.517479 -0.342193 1.064569  0.823503 -0.318436 1.080293  0.223699 -0.050226 0.764102  0.260931 -0.029330 0.562638  0.278943 0.008946 0.266978  0.174463 0.034276 0.098804  0.349710 -0.209617 0.756745  0.312816 -0.224638 0.559087  0.244806 -0.223397 0.263746  0.225015 -0.214963 0.062883  
0.390881 -0.142625 1.332613  0.241112 -0.081862 1.213213  0.184222 0.007329 1.172604  0.155731 0.055434 0.953784  0.187097 0.115819 0.606891  0.325613 -0.259646 1.142646  0.506453 -0.331753 1.067465  0.813350 -0.328792 1.082112  0.200954 -0.050097 0.759230  0.246063 -0.023918 0.561828  0.258227 0.011603 0.265383  0.160437 0.028460 0.094044  0.319903 -0.214807 0.751880  0.296503 -0.219574 0.555969  0.240650 -0.226868 0.264456  0.223473 -0.220321 0.066218  
0.404600 -0.146599 1.364990  0.293282 -0.092247 1.202973  0.209078 -0.026192 1.166026  0.153496 0.055780 0.962359  0.178939 0.116677 0.614978  0.346281 -0.287858 1.136788  0.528560 -0.347361 1.048391  0.828158 -0.328318 1.085208  0.248974 -0.057213 0.759538  0.278737 -0.038292 0.559379  0.242710 0.023552 0.271344  0.142322 0.017244 0.100825  0.313613 -0.248309 0.740367  0.276794 -0.240079 0.547462  0.249769 -0.206937 0.253774  0.219514 -0.228899 0.058710  
0.394994 -0.145890 1.353300  0.258444 -0.097152 1.209531  0.174955 -0.024081 1.175695  0.147610 0.055045 0.965282  0.159423 0.119469 0.617810  0.314159 -0.284313 1.133141  0.504786 -0.344870 1.071679  0.811256 -0.324653 1.083195  0.206174 -0.049732 0.760217  0.234558 -0.029764 0.560251  0.205481 0.028612 0.266898  0.120430 0.006933 0.089415  0.286077 -0.234845 0.742783  0.265231 -0.228972 0.546045  0.240754 -0.212328 0.248143  0.215533 -0.236140 0.053205  
0.388846 -0.138500 1.356524  0.259612 -0.081959 1.210248  0.177199 -0.009162 1.174405  0.155158 0.050450 0.957446  0.164001 0.114538 0.609882  0.323374 -0.267978 1.134819  0.506714 -0.351121 1.074301  0.812915 -0.324566 1.082761  0.218539 -0.032930 0.758639  0.249907 -0.018547 0.556491  0.195475 0.028606 0.265226  0.096509 0.010623 0.091132  0.303792 -0.217162 0.745521  0.264294 -0.220153 0.551814  0.239624 -0.212726 0.251343  0.214006 -0.242519 0.055577  
0.376277 -0.132102 1.356869  0.243725 -0.090299 1.207695  0.168419 -0.010961 1.174668  0.145084 0.059880 0.960856  0.155587 0.117116 0.612082  0.321720 -0.266872 1.126302  0.516893 -0.334186 1.086794  0.823895 -0.345970 1.073044  0.179517 -0.039130 0.757915  0.217199 -0.011314 0.559668  0.149506 0.024775 0.267591  0.058885 0.021353 0.091579  0.276627 -0.215753 0.739100  0.255419 -0.209061 0.542961  0.230043 -0.214394 0.247380  0.212906 -0.240827 0.051947  
0.366048 -0.128917 1.362191  0.240156 -0.093478 1.206085  0.170103 -0.009239 1.173824  0.136387 0.071100 0.965006  0.142847 0.129929 0.616417  0.296309 -0.278950 1.123675  0.501840 -0.336931 1.093646  0.811625 -0.350396 1.063822  0.188010 -0.028543 0.757066  0.214160 -0.003345 0.555859  0.134048 0.029254 0.267001  0.023447 0.024488 0.102840  0.265735 -0.212440 0.734426  0.239022 -0.203208 0.538658  0.235427 -0.214794 0.240242  0.208227 -0.240711 0.045839  
0.355342 -0.117234 1.366832  0.229816 -0.093120 1.208491  0.162688 -0.004353 1.177423  0.138480 0.087718 0.971639  0.130983 0.149931 0.623611  0.291505 -0.272180 1.122734  0.487035 -0.340927 1.085800  0.796119 -0.351344 1.064868  0.188255 -0.017886 0.761737  0.197563 0.004881 0.560505  0.110872 0.034679 0.275022  0.009572 0.039869 0.104977  0.243469 -0.209731 0.734890  0.234749 -0.191263 0.538065  0.222517 -0.208542 0.239043  0.202424 -0.249324 0.046333  
0.342741 -0.109393 1.366545  0.220634 -0.094523 1.203868  0.157645 -0.004255 1.172835  0.142293 0.084046 0.964700  0.139199 0.144913 0.615847  0.276620 -0.274506 1.115869  0.472860 -0.343219 1.076598  0.782087 -0.355526 1.064445  0.193498 -0.009654 0.757735  0.179676 0.012867 0.557509  0.108126 0.034100 0.268198  -0.010401 0.047342 0.110147  0.239427 -0.201609 0.727906  0.223828 -0.182301 0.531706  0.218221 -0.206320 0.235813  0.196062 -0.254694 0.045109  
0.323376 -0.093575 1.368924  0.210250 -0.082507 1.200064  0.150710 0.010327 1.173164  0.137630 0.104816 0.967959  0.145812 0.137583 0.615914  0.254633 -0.263113 1.108104  0.428714 -0.367494 1.062005  0.734249 -0.368665 1.034275  0.162340 0.009694 0.756064  0.172958 0.035403 0.555635  0.091088 0.035934 0.266960  -0.026113 0.052927 0.108281  0.198791 -0.187906 0.724224  0.209588 -0.160182 0.527923  0.211117 -0.199027 0.232847  0.193248 -0.254691 0.043674  
0.315415 -0.080512 1.372821  0.212057 -0.067842 1.198556  0.146531 0.021466 1.172037  0.140293 0.121930 0.969211  0.147844 0.145715 0.616498  0.238444 -0.253131 1.107112  0.396442 -0.375416 1.044824  0.698467 -0.356131 1.027272  0.151618 0.022265 0.755253  0.161697 0.049697 0.554635  0.080869 0.034549 0.267941  -0.030165 0.054884 0.105269  0.208918 -0.170505 0.721696  0.202221 -0.144716 0.525507  0.205826 -0.198934 0.230398  0.188075 -0.251789 0.040411  
0.285053 -0.061298 1.371862  0.191707 -0.065650 1.190871  0.129752 0.029432 1.167362  0.128968 0.143814 0.972445  0.143911 0.157285 0.618797  0.184715 -0.255050 1.101204  0.318573 -0.385756 1.009779  0.624558 -0.359530 1.011327  0.146699 0.022327 0.753770  0.142813 0.056469 0.554783  0.063614 0.043573 0.268882  -0.042657 0.067456 0.103543  0.137367 -0.174340 0.715278  0.176774 -0.139972 0.522146  0.192908 -0.185863 0.227322  0.182715 -0.246911 0.039244  
0.270123 -0.048708 1.372612  0.182422 -0.047274 1.189488  0.119331 0.046517 1.166671  0.112651 0.159542 0.970939  0.150439 0.166020 0.619213  0.174462 -0.237721 1.101881  0.276062 -0.375881 0.985279  0.580939 -0.366497 0.998367  0.136764 0.041549 0.749955  0.130683 0.069751 0.550321  0.055484 0.044967 0.264262  -0.050304 0.068884 0.098611  0.152968 -0.155721 0.715528  0.164466 -0.126443 0.520032  0.189108 -0.180574 0.226903  0.178763 -0.239537 0.036671  
0.234270 -0.035838 1.374120  0.174888 -0.030131 1.182714  0.113082 0.070417 1.162449  0.091323 0.189481 0.971328  0.147760 0.182441 0.622208  0.120828 -0.219627 1.102619  0.214645 -0.360019 0.982476  0.523096 -0.366410 0.969017  0.140423 0.049669 0.747484  0.108729 0.082745 0.551339  0.042745 0.062021 0.262536  -0.058231 0.068763 0.092240  0.091018 -0.142738 0.715825  0.126050 -0.116561 0.522734  0.183614 -0.171318 0.231803  0.172076 -0.225966 0.037678  
0.228751 -0.022093 1.369634  0.150120 -0.014482 1.182608  0.095169 0.085614 1.161007  0.090183 0.194893 0.963720  0.141046 0.189762 0.613983  0.107659 -0.204971 1.103735  0.166254 -0.339104 0.957335  0.463489 -0.352294 0.935179  0.118609 0.062823 0.745482  0.107835 0.087446 0.545123  0.028358 0.055981 0.260970  -0.063679 0.078005 0.087064  0.091721 -0.134933 0.714023  0.133930 -0.111325 0.520007  0.169177 -0.168780 0.228870  0.166763 -0.221045 0.036200  
0.201078 -0.008056 1.361645  0.123520 -0.002957 1.179332  0.090815 0.102599 1.139848  0.064246 0.229462 0.954337  0.114452 0.203689 0.605225  0.058091 -0.192179 1.110995  0.081149 -0.319671 0.947614  0.382772 -0.339705 0.893474  0.146772 0.038032 0.739103  0.098492 0.080909 0.546927  0.013257 0.069572 0.260415  -0.070625 0.069677 0.080253  0.049575 -0.136940 0.709422  0.105258 -0.118880 0.515832  0.156939 -0.157096 0.223953  0.160509 -0.216367 0.034629  
0.185978 -0.000244 1.357366  0.103417 -0.000735 1.172315  0.074020 0.105809 1.133153  0.058036 0.241264 0.952568  0.088303 0.218500 0.600960  0.027113 -0.187073 1.107335  0.023684 -0.314349 0.942369  0.311340 -0.339436 0.851021  0.096763 0.050774 0.731204  0.078215 0.079244 0.536517  0.001133 0.078671 0.250198  -0.076635 0.062246 0.068934  0.035575 -0.139823 0.705376  0.088069 -0.121018 0.510919  0.142458 -0.153174 0.220220  0.152763 -0.222472 0.035029  
0.161045 0.011000 1.351740  0.080583 -0.012123 1.168150  0.069226 0.098991 1.131690  0.053735 0.240656 0.955746  0.077302 0.234295 0.602822  -0.026736 -0.180514 1.101336  -0.045846 -0.278919 0.923680  0.203696 -0.337973 0.772012  0.074165 0.050730 0.728752  0.064227 0.082089 0.532972  -0.016802 0.081699 0.247470  -0.083720 0.062038 0.062197  0.008059 -0.138214 0.699884  0.068595 -0.118476 0.507980  0.123203 -0.149949 0.217002  0.141974 -0.233596 0.035343  
0.151704 0.016905 1.352328  0.068022 -0.011498 1.174146  0.063501 0.099304 1.136899  0.039887 0.237702 0.959186  0.074826 0.233586 0.607263  -0.046692 -0.175671 1.107058  -0.100441 -0.248150 0.925841  0.129447 -0.318646 0.751432  0.075462 0.050062 0.734478  0.056728 0.084806 0.537456  -0.025576 0.081326 0.248677  -0.090942 0.059818 0.063019  -0.008011 -0.132512 0.704511  0.053217 -0.115649 0.511490  0.110851 -0.148230 0.215559  0.132383 -0.231660 0.032826  
0.130314 0.018349 1.357284  0.045280 -0.000423 1.174839  0.037353 0.110140 1.138147  0.037915 0.254415 0.963880  0.062181 0.238171 0.611520  -0.067739 -0.166901 1.111159  -0.131514 -0.212020 0.923188  0.045992 -0.314418 0.704278  0.044721 0.055197 0.734091  0.030444 0.084521 0.535306  -0.043026 0.080466 0.247928  -0.102934 0.058757 0.060478  -0.037278 -0.128670 0.708754  0.022806 -0.116464 0.515336  0.080441 -0.145841 0.219034  0.108556 -0.228869 0.037125  
0.121434 0.019911 1.360203  0.048342 -0.000928 1.177689  0.049141 0.109875 1.140821  0.041895 0.248881 0.961854  0.057098 0.237446 0.608770  -0.079721 -0.157076 1.110792  -0.139769 -0.197954 0.919995  0.014578 -0.309287 0.683406  0.075501 0.048032 0.737679  0.036387 0.088336 0.542071  -0.042104 0.079166 0.250522  -0.105644 0.069591 0.060534  -0.025293 -0.125396 0.710510  0.023771 -0.111522 0.514684  0.060654 -0.148218 0.216387  0.086520 -0.233819 0.035497  
0.098235 0.018042 1.359677  0.014738 -0.000489 1.174259  0.013421 0.110505 1.134297  0.018361 0.259941 0.964472  0.041051 0.231081 0.612220  -0.102725 -0.162421 1.107972  -0.166698 -0.196306 0.917606  -0.079408 -0.321976 0.651613  0.017600 0.049299 0.732467  0.014588 0.082386 0.536985  -0.052722 0.081949 0.247941  -0.108406 0.067140 0.058528  -0.063348 -0.134091 0.703970  -0.001982 -0.117393 0.509974  0.008815 -0.139776 0.207347  0.018464 -0.220633 0.022399  
0.087473 0.020619 1.362723  0.009332 -0.004869 1.177979  0.015364 0.104720 1.138642  0.022830 0.262310 0.976571  0.034900 0.227124 0.624722  -0.112202 -0.162657 1.111064  -0.153261 -0.181008 0.911277  -0.086861 -0.306756 0.641088  0.032206 0.040933 0.736624  0.014303 0.078963 0.541205  -0.054834 0.084332 0.247058  -0.105686 0.062204 0.056984  -0.073025 -0.128993 0.708401  -0.015012 -0.119295 0.514505  -0.012617 -0.138616 0.211896  -0.015039 -0.212465 0.023856  
0.067971 0.018699 1.365118  -0.007554 -0.007348 1.178703  -0.009612 0.103210 1.141860  0.011471 0.247919 0.969904  0.040190 0.201282 0.620380  -0.123782 -0.170217 1.111446  -0.170682 -0.183840 0.912241  -0.133462 -0.301451 0.636435  -0.001391 0.039557 0.738241  -0.004595 0.074344 0.542253  -0.062168 0.086333 0.246989  -0.107853 0.057146 0.056555  -0.116229 -0.125617 0.706979  -0.039450 -0.123431 0.517397  -0.060904 -0.142163 0.214931  -0.094413 -0.195062 0.022751  
0.047025 0.018685 1.366478  -0.026354 -0.009970 1.178661  -0.022159 0.099574 1.141511  -0.024475 0.243586 0.966998  0.032171 0.203564 0.619853  -0.145281 -0.172106 1.110812  -0.174733 -0.185287 0.909651  -0.144126 -0.296138 0.626510  0.009900 0.023372 0.736146  -0.011441 0.073232 0.544903  -0.063266 0.091206 0.247270  -0.112402 0.058994 0.057588  -0.128645 -0.128171 0.705799  -0.062791 -0.119548 0.509849  -0.112278 -0.146615 0.210918  -0.215075 -0.200421 0.045369  
0.032155 0.013886 1.366754  -0.040949 -0.015417 1.180230  -0.036417 0.093844 1.139793  -0.035704 0.245030 0.971329  0.022142 0.199659 0.625205  -0.154980 -0.178759 1.109464  -0.180778 -0.181374 0.907084  -0.142625 -0.288268 0.622729  -0.022223 0.029511 0.739581  -0.022587 0.072364 0.544970  -0.069475 0.092390 0.250762  -0.118876 0.049395 0.063072  -0.135785 -0.131977 0.705563  -0.077492 -0.119562 0.510286  -0.136694 -0.150472 0.214478  -0.275397 -0.191226 0.079218  
0.015649 0.006298 1.372832  -0.054183 -0.011184 1.183213  -0.050882 0.097544 1.145336  -0.067018 0.239863 0.970268  -0.001412 0.207465 0.624218  -0.161977 -0.178028 1.113173  -0.187539 -0.187242 0.909328  -0.145591 -0.290320 0.623111  -0.019299 0.016511 0.743086  -0.039307 0.068750 0.551548  -0.069993 0.087784 0.251134  -0.129558 0.050835 0.063579  -0.168158 -0.121800 0.710411  -0.099479 -0.121435 0.517166  -0.174977 -0.169930 0.226309  -0.330870 -0.172426 0.100995  
0.003001 0.002467 1.376102  -0.065975 -0.014646 1.185714  -0.070493 0.095555 1.143605  -0.071897 0.237109 0.966914  -0.020706 0.214133 0.617799  -0.175826 -0.182419 1.116870  -0.191133 -0.201296 0.911198  -0.144210 -0.300986 0.624546  -0.033634 0.017197 0.745048  -0.049493 0.069478 0.553481  -0.077548 0.082851 0.254322  -0.134093 0.045997 0.067293  -0.171617 -0.130693 0.712959  -0.111035 -0.120062 0.518204  -0.190164 -0.174621 0.230669  -0.351775 -0.180892 0.109577  
-0.026064 -0.011320 1.378081  -0.086086 -0.014128 1.182730  -0.096742 0.095446 1.144980  -0.104507 0.227012 0.961119  -0.035493 0.220925 0.614318  -0.182507 -0.187769 1.114983  -0.199391 -0.200357 0.909841  -0.142610 -0.295746 0.623488  -0.060203 0.014296 0.741251  -0.079554 0.064692 0.550871  -0.083874 0.080434 0.251922  -0.142167 0.055881 0.064297  -0.189184 -0.138726 0.710281  -0.149562 -0.121747 0.509959  -0.252429 -0.186814 0.230964  -0.405763 -0.185328 0.099118  
-0.039649 -0.015293 1.381378  -0.096202 -0.017273 1.185286  -0.110412 0.092610 1.149861  -0.110190 0.220499 0.963245  -0.051686 0.219387 0.614375  -0.194722 -0.189858 1.117788  -0.213779 -0.209962 0.913814  -0.143164 -0.311893 0.633393  -0.068109 0.010262 0.743702  -0.087898 0.059328 0.552958  -0.093167 0.072487 0.251016  -0.154883 0.059096 0.061542  -0.187742 -0.148124 0.712836  -0.160486 -0.125914 0.511333  -0.271783 -0.187793 0.234865  -0.421292 -0.186928 0.098696  
-0.068515 -0.031664 1.383603  -0.127874 -0.010489 1.187958  -0.152281 0.097909 1.152280  -0.158573 0.203542 0.952580  -0.077706 0.202724 0.612290  -0.212850 -0.191342 1.122649  -0.214976 -0.223714 0.916714  -0.151586 -0.323849 0.633234  -0.118463 0.020512 0.745638  -0.122701 0.056923 0.551315  -0.100408 0.061995 0.251348  -0.159404 0.058111 0.060805  -0.210851 -0.154476 0.717543  -0.194347 -0.129698 0.514784  -0.304160 -0.192727 0.238155  -0.440762 -0.191198 0.089015  
-0.091156 -0.041085 1.378669  -0.146369 -0.008720 1.183979  -0.168383 0.098522 1.145800  -0.175362 0.201304 0.944255  -0.101096 0.215763 0.598821  -0.226497 -0.192136 1.119871  -0.234075 -0.241160 0.917606  -0.154889 -0.313274 0.629668  -0.126311 0.014277 0.740937  -0.140207 0.052124 0.547204  -0.110356 0.056468 0.251066  -0.163461 0.062068 0.059832  -0.228262 -0.159075 0.715025  -0.209005 -0.135652 0.512548  -0.319500 -0.199876 0.236578  -0.451381 -0.190191 0.083621  
-0.121783 -0.060855 1.378374  -0.185772 -0.012073 1.189765  -0.223002 0.092303 1.152577  -0.216087 0.180448 0.944178  -0.137373 0.211592 0.600887  -0.244715 -0.202511 1.121929  -0.245949 -0.270998 0.924817  -0.186393 -0.329301 0.629258  -0.180541 0.019587 0.745094  -0.171246 0.046723 0.546151  -0.139678 0.043481 0.249123  -0.161825 0.059391 0.053010  -0.247811 -0.164235 0.718890  -0.244103 -0.140118 0.516785  -0.351745 -0.202676 0.239536  -0.475664 -0.188349 0.080467  
-0.144615 -0.069166 1.374179  -0.200853 -0.019672 1.184948  -0.236432 0.084366 1.148616  -0.240442 0.170839 0.939738  -0.164911 0.209874 0.596582  -0.261060 -0.210332 1.121080  -0.264119 -0.276835 0.923576  -0.202013 -0.340112 0.629684  -0.199474 0.007657 0.741769  -0.197512 0.035725 0.545508  -0.148217 0.040807 0.249352  -0.166589 0.053860 0.052639  -0.284891 -0.172946 0.718255  -0.267929 -0.151732 0.516740  -0.365286 -0.199990 0.233451  -0.490134 -0.191431 0.074764  
-0.175497 -0.083843 1.376665  -0.239709 -0.036175 1.188737  -0.283968 0.066642 1.155299  -0.259402 0.141354 0.948897  -0.152231 0.199768 0.617181  -0.303402 -0.227941 1.119767  -0.303221 -0.294286 0.921063  -0.232279 -0.360304 0.629420  -0.270740 0.007528 0.742890  -0.231891 0.021117 0.544778  -0.184695 0.024962 0.245616  -0.178955 0.059948 0.050816  -0.305863 -0.188918 0.719236  -0.311086 -0.163033 0.517445  -0.399595 -0.207206 0.230502  -0.509189 -0.185298 0.062138  
-0.195214 -0.093918 1.375366  -0.262072 -0.045543 1.188563  -0.309891 0.056911 1.154591  -0.303167 0.117451 0.940781  -0.175176 0.167559 0.621831  -0.310508 -0.238175 1.120411  -0.305392 -0.303125 0.922177  -0.247710 -0.370635 0.628193  -0.285610 -0.006055 0.742750  -0.257945 0.011990 0.541004  -0.188950 0.022311 0.245669  -0.195844 0.055727 0.046497  -0.330368 -0.199929 0.719321  -0.331511 -0.174922 0.517900  -0.410165 -0.204861 0.226379  -0.520935 -0.191014 0.057945  
-0.229985 -0.109397 1.378148  -0.292037 -0.062360 1.189553  -0.331829 0.041598 1.156306  -0.342747 0.108693 0.943634  -0.229482 0.149803 0.614458  -0.351805 -0.251820 1.118553  -0.349074 -0.328326 0.924558  -0.300006 -0.406600 0.631574  -0.328533 -0.015386 0.743106  -0.291372 0.005222 0.544634  -0.222646 0.016749 0.249269  -0.202640 0.044490 0.050111  -0.359570 -0.211111 0.718726  -0.358804 -0.183473 0.517780  -0.438591 -0.209725 0.226245  -0.530957 -0.191995 0.047407  
-0.245902 -0.116368 1.381930  -0.317705 -0.074054 1.194747  -0.357199 0.028925 1.159522  -0.360015 0.109129 0.948330  -0.240781 0.147671 0.620594  -0.359603 -0.265063 1.118294  -0.358348 -0.321999 0.917310  -0.301560 -0.406447 0.627368  -0.336609 -0.021758 0.746164  -0.308728 -0.001150 0.546243  -0.232563 0.016580 0.253140  -0.227249 0.044861 0.053143  -0.371887 -0.216506 0.719941  -0.378579 -0.188976 0.518941  -0.445274 -0.209551 0.223530  -0.538584 -0.196138 0.044777  
-0.275228 -0.123800 1.385199  -0.349461 -0.085190 1.198487  -0.391413 0.018322 1.163685  -0.392971 0.102310 0.954014  -0.293230 0.143685 0.619065  -0.411046 -0.276150 1.125950  -0.408545 -0.347089 0.929349  -0.334265 -0.395262 0.635215  -0.368622 -0.031101 0.749351  -0.330130 -0.009509 0.550845  -0.263032 0.019480 0.255928  -0.269046 0.032334 0.054327  -0.405952 -0.225203 0.724132  -0.407097 -0.194252 0.523134  -0.469427 -0.215284 0.227148  -0.551214 -0.194315 0.043566  
-0.289538 -0.129313 1.392442  -0.353268 -0.096306 1.201131  -0.397696 0.007927 1.172206  -0.412301 0.094889 0.965536  -0.319875 0.135811 0.631109  -0.414646 -0.283879 1.126248  -0.413208 -0.350265 0.928823  -0.357458 -0.409814 0.632823  -0.383018 -0.035194 0.758072  -0.342589 -0.013056 0.560188  -0.286170 0.017479 0.263312  -0.303630 0.038340 0.063080  -0.416769 -0.228630 0.724964  -0.424636 -0.194934 0.524195  -0.483654 -0.214931 0.227639  -0.552328 -0.189503 0.039242  
-0.317206 -0.130472 1.394575  -0.385346 -0.097700 1.204343  -0.427714 0.005386 1.172944  -0.439438 0.097551 0.967132  -0.345583 0.138342 0.636106  -0.434094 -0.287950 1.129899  -0.435889 -0.353456 0.932104  -0.382474 -0.422986 0.637689  -0.408408 -0.041242 0.759183  -0.370363 -0.016081 0.561826  -0.319704 0.023196 0.265390  -0.366838 0.029547 0.069022  -0.437339 -0.235048 0.727882  -0.443019 -0.201696 0.527185  -0.497790 -0.217737 0.228825  -0.559967 -0.193839 0.037995  
-0.329267 -0.131358 1.396515  -0.396942 -0.092232 1.206857  -0.446900 0.009414 1.175487  -0.456021 0.093310 0.969373  -0.374188 0.135706 0.635343  -0.445586 -0.284467 1.134186  -0.446448 -0.350581 0.936206  -0.393392 -0.426468 0.642938  -0.422797 -0.039987 0.761793  -0.390939 -0.014238 0.561533  -0.340189 0.024952 0.264845  -0.404860 0.029899 0.073448  -0.446904 -0.234085 0.731214  -0.457416 -0.202793 0.529619  -0.503758 -0.219400 0.229458  -0.560523 -0.193203 0.037182  
-0.356371 -0.131278 1.396017  -0.423253 -0.089042 1.206602  -0.473997 0.011415 1.174777  -0.480710 0.091989 0.968819  -0.398236 0.135226 0.632160  -0.471872 -0.281844 1.132165  -0.466787 -0.353610 0.936550  -0.408910 -0.434523 0.644506  -0.457231 -0.027877 0.756612  -0.419307 -0.011270 0.556607  -0.394622 0.022969 0.255450  -0.480804 0.025043 0.072570  -0.461531 -0.227522 0.732607  -0.472861 -0.203237 0.531240  -0.512358 -0.218299 0.230586  -0.567486 -0.195502 0.037494  
-0.366640 -0.133428 1.401131  -0.422630 -0.104231 1.205168  -0.461376 0.002116 1.176141  -0.495099 0.093331 0.977243  -0.419131 0.134627 0.638222  -0.496904 -0.288155 1.130850  -0.474334 -0.353829 0.934437  -0.419808 -0.448876 0.647622  -0.459894 -0.031245 0.756633  -0.431494 -0.010947 0.553620  -0.432893 0.021249 0.250463  -0.518253 0.023567 0.067069  -0.473995 -0.228681 0.731437  -0.476842 -0.203838 0.529397  -0.520241 -0.216910 0.229066  -0.570441 -0.197553 0.034244  
-0.394811 -0.125200 1.402105  -0.455723 -0.094622 1.207743  -0.504639 0.007902 1.174658  -0.517331 0.099168 0.973371  -0.428862 0.134488 0.639096  -0.505936 -0.284818 1.131697  -0.490844 -0.355630 0.936635  -0.438473 -0.459528 0.651772  -0.475280 -0.031707 0.756322  -0.461582 -0.009805 0.551215  -0.488958 0.022994 0.249476  -0.589037 0.023631 0.073664  -0.489774 -0.228526 0.730836  -0.494631 -0.204289 0.529016  -0.526983 -0.219753 0.227615  -0.573858 -0.201629 0.031850  
-0.403876 -0.124121 1.399442  -0.462867 -0.087827 1.205571  -0.509727 0.011917 1.170540  -0.524807 0.107341 0.971914  -0.433776 0.129853 0.637870  -0.508696 -0.281800 1.133679  -0.515356 -0.346346 0.935670  -0.456906 -0.435955 0.647647  -0.474495 -0.032542 0.752265  -0.472958 -0.011181 0.546182  -0.530305 0.030370 0.249113  -0.622466 0.028025 0.068924  -0.514805 -0.228132 0.732464  -0.496746 -0.207504 0.530856  -0.534709 -0.213420 0.230162  -0.573204 -0.200241 0.032260  
-0.423217 -0.111673 1.397607  -0.481819 -0.082990 1.201306  -0.525768 0.019614 1.167725  -0.551002 0.103956 0.965052  -0.460816 0.124366 0.631179  -0.552604 -0.272874 1.133082  -0.526896 -0.340556 0.937409  -0.459140 -0.407090 0.645212  -0.496849 -0.027817 0.747641  -0.507512 -0.007546 0.539907  -0.583794 0.029211 0.244844  -0.676467 0.027461 0.064496  -0.524712 -0.224740 0.732023  -0.506120 -0.206494 0.529765  -0.538115 -0.213402 0.228140  -0.577050 -0.201153 0.030243  
-0.435601 -0.107690 1.399303  -0.486384 -0.088475 1.198820  -0.528758 0.018328 1.169665  -0.570506 0.109732 0.972422  -0.472131 0.129812 0.633181  -0.563985 -0.271227 1.126246  -0.534718 -0.345691 0.934048  -0.471590 -0.406241 0.640068  -0.525533 -0.016176 0.746484  -0.528401 0.002677 0.537081  -0.599903 0.026236 0.239162  -0.697696 0.024653 0.059159  -0.521599 -0.213898 0.728955  -0.515379 -0.198754 0.527039  -0.542965 -0.212922 0.225404  -0.581452 -0.197288 0.027685  
-0.460880 -0.098719 1.397745  -0.506085 -0.081328 1.195073  -0.547405 0.023694 1.168216  -0.581665 0.124162 0.974472  -0.478538 0.124300 0.637182  -0.574449 -0.265544 1.121783  -0.540274 -0.347761 0.935188  -0.479262 -0.422677 0.643601  -0.545854 -0.006230 0.742080  -0.559385 0.012932 0.530895  -0.649444 0.032775 0.235339  -0.739953 0.027972 0.052337  -0.544206 -0.203528 0.724033  -0.533544 -0.187664 0.522237  -0.552248 -0.212045 0.220370  -0.578665 -0.190987 0.021146  
-0.472285 -0.087690 1.397182  -0.513756 -0.073218 1.194401  -0.550380 0.032645 1.165118  -0.588588 0.142631 0.977316  -0.504768 0.127139 0.637104  -0.587004 -0.256502 1.122863  -0.555338 -0.332478 0.932358  -0.490990 -0.414974 0.643621  -0.550676 -0.003439 0.741737  -0.572522 0.015156 0.533682  -0.662753 0.034841 0.240332  -0.749705 0.022411 0.055791  -0.550907 -0.200754 0.725257  -0.542147 -0.184635 0.523838  -0.556981 -0.207138 0.221857  -0.582057 -0.193751 0.021837  
-0.493750 -0.082133 1.397092  -0.541153 -0.065347 1.195248  -0.570990 0.041079 1.164716  -0.610917 0.155555 0.978541  -0.514922 0.135210 0.643446  -0.608228 -0.248654 1.120355  -0.575076 -0.312642 0.926842  -0.509885 -0.393480 0.637712  -0.569362 0.007690 0.742754  -0.595232 0.024307 0.536030  -0.687418 0.043746 0.243889  -0.768288 0.032712 0.058438  -0.571098 -0.189178 0.721846  -0.560164 -0.171400 0.520280  -0.569782 -0.202814 0.218681  -0.585637 -0.189797 0.017665  
-0.508959 -0.069792 1.399288  -0.550429 -0.058130 1.194878  -0.572576 0.048916 1.163639  -0.628325 0.164988 0.981642  -0.534091 0.145458 0.641493  -0.618221 -0.239516 1.119604  -0.573936 -0.301579 0.928057  -0.521736 -0.386697 0.639560  -0.577554 0.016964 0.740264  -0.608801 0.032224 0.531931  -0.697205 0.035660 0.236155  -0.768872 0.026866 0.043864  -0.581976 -0.180219 0.721843  -0.576929 -0.165089 0.519832  -0.570780 -0.200222 0.218630  -0.590122 -0.186034 0.018010  
-0.528104 -0.052168 1.396430  -0.569167 -0.041328 1.192134  -0.598063 0.064725 1.160613  -0.645539 0.185025 0.980596  -0.558335 0.150909 0.639720  -0.638293 -0.224961 1.120560  -0.616996 -0.297850 0.928167  -0.542748 -0.372093 0.638986  -0.600915 0.026928 0.737710  -0.639098 0.040595 0.531072  -0.722644 0.035737 0.234590  -0.771530 0.018904 0.038492  -0.624067 -0.168969 0.722608  -0.607764 -0.156234 0.521074  -0.582451 -0.188794 0.220512  -0.591724 -0.187279 0.018671  
-0.540062 -0.046714 1.396457  -0.583014 -0.029500 1.193359  -0.610224 0.077305 1.160248  -0.656092 0.205602 0.980754  -0.587551 0.183144 0.634566  -0.655594 -0.212274 1.122017  -0.659512 -0.286233 0.927258  -0.603451 -0.359496 0.634234  -0.614653 0.035872 0.740158  -0.648481 0.050669 0.534256  -0.743304 0.055448 0.244345  -0.795514 0.044828 0.048925  -0.638734 -0.159905 0.722452  -0.618123 -0.147972 0.520958  -0.585891 -0.188507 0.221652  -0.593894 -0.182238 0.019814  
-0.558220 -0.024916 1.397947  -0.605938 -0.017230 1.195442  -0.632256 0.088064 1.161571  -0.661518 0.217590 0.984640  -0.614595 0.207948 0.634548  -0.668399 -0.202738 1.124248  -0.683377 -0.275335 0.929892  -0.641039 -0.344532 0.633614  -0.627111 0.044405 0.740244  -0.667194 0.062590 0.534945  -0.758747 0.057900 0.241716  -0.800644 0.036773 0.044564  -0.672113 -0.147424 0.724313  -0.637492 -0.136749 0.524590  -0.598254 -0.178360 0.226457  -0.599213 -0.183183 0.024427  
-0.562951 -0.021538 1.396452  -0.612266 -0.015417 1.193993  -0.639531 0.090814 1.160675  -0.659845 0.224243 0.984787  -0.624519 0.223182 0.633058  -0.682550 -0.199069 1.122893  -0.692989 -0.273617 0.929153  -0.652793 -0.334204 0.630702  -0.632662 0.047193 0.739324  -0.682935 0.069262 0.535713  -0.760793 0.060480 0.239365  -0.811744 0.036651 0.042984  -0.687702 -0.141985 0.722793  -0.660383 -0.129671 0.522126  -0.605562 -0.175174 0.226330  -0.600848 -0.182902 0.024418  
-0.579673 -0.000379 1.399118  -0.634388 -0.006296 1.198243  -0.656337 0.101121 1.164635  -0.680367 0.238115 0.990142  -0.626489 0.221624 0.641160  -0.711842 -0.187045 1.126170  -0.712808 -0.257240 0.929858  -0.672090 -0.315816 0.631043  -0.652728 0.056424 0.743497  -0.692055 0.078411 0.539467  -0.769644 0.066736 0.243107  -0.801741 0.037359 0.045279  -0.714129 -0.132251 0.725292  -0.681204 -0.119733 0.524779  -0.627634 -0.163783 0.228898  -0.617446 -0.183633 0.027993  
-0.596833 0.011668 1.396347  -0.649392 0.004998 1.195217  -0.666407 0.111333 1.161600  -0.687190 0.254187 0.994033  -0.621335 0.212826 0.649630  -0.730160 -0.174789 1.125765  -0.737442 -0.251615 0.934619  -0.694909 -0.307070 0.635495  -0.671969 0.064070 0.739546  -0.703790 0.081327 0.532903  -0.783059 0.073223 0.236361  -0.803243 0.045314 0.036673  -0.730094 -0.125025 0.723229  -0.692576 -0.118141 0.522945  -0.640124 -0.154737 0.225674  -0.626757 -0.184209 0.026114  
-0.600935 0.021252 1.395600  -0.651983 0.009113 1.194122  -0.675906 0.116597 1.163293  -0.694080 0.266855 1.001980  -0.629425 0.215123 0.660594  -0.738190 -0.168838 1.123648  -0.741658 -0.245285 0.930479  -0.703028 -0.298015 0.630333  -0.681201 0.072574 0.739611  -0.710323 0.089403 0.533045  -0.782223 0.074560 0.234784  -0.803296 0.047578 0.034226  -0.735512 -0.117922 0.721757  -0.697307 -0.111613 0.521150  -0.657037 -0.158884 0.223040  -0.627276 -0.176790 0.023816  
-0.613442 0.025757 1.390836  -0.665414 0.019685 1.188444  -0.690110 0.126786 1.156520  -0.685560 0.284578 1.001663  -0.639474 0.228932 0.657051  -0.756028 -0.158696 1.121776  -0.755622 -0.236145 0.929835  -0.718653 -0.288166 0.629354  -0.697440 0.078409 0.733064  -0.721541 0.090051 0.524236  -0.789650 0.078064 0.224894  -0.811076 0.047142 0.025679  -0.744975 -0.113117 0.718669  -0.703084 -0.111101 0.518747  -0.663583 -0.158620 0.220558  -0.643529 -0.179285 0.020399  
-0.620176 0.033636 1.394040  -0.669874 0.028136 1.191407  -0.691078 0.136741 1.156525  -0.684101 0.296455 1.002666  -0.638354 0.234889 0.657012  -0.763729 -0.147625 1.125470  -0.761545 -0.234364 0.936931  -0.723109 -0.287484 0.636830  -0.695779 0.082197 0.735957  -0.719473 0.092546 0.528338  -0.791758 0.083046 0.230649  -0.806939 0.054567 0.030690  -0.751629 -0.108264 0.722135  -0.701980 -0.108950 0.523876  -0.666472 -0.160916 0.225993  -0.667416 -0.180523 0.024721  
-0.630249 0.036817 1.393541  -0.682136 0.031458 1.190744  -0.702040 0.138268 1.156259  -0.691427 0.299157 1.004747  -0.651230 0.232620 0.660508  -0.769145 -0.146656 1.125901  -0.763555 -0.232181 0.938857  -0.726616 -0.284977 0.638512  -0.706406 0.084386 0.733645  -0.730235 0.093204 0.524611  -0.798218 0.078523 0.225131  -0.816477 0.047512 0.025562  -0.753422 -0.107239 0.722541  -0.722106 -0.107127 0.520687  -0.667761 -0.160824 0.225417  -0.679471 -0.191403 0.025545  
-0.630714 0.043575 1.394356  -0.684911 0.037414 1.193225  -0.710246 0.144392 1.156200  -0.689523 0.302391 1.002445  -0.649689 0.239508 0.656932  -0.771716 -0.143083 1.128577  -0.765013 -0.227850 0.940527  -0.727129 -0.284840 0.641066  -0.704936 0.083077 0.736428  -0.736404 0.093368 0.529437  -0.794886 0.080125 0.229219  -0.816921 0.046389 0.030698  -0.760613 -0.106780 0.725099  -0.723172 -0.108251 0.524714  -0.692106 -0.160955 0.226211  -0.716814 -0.179955 0.026394  
-0.638530 0.038516 1.396272  -0.689550 0.037494 1.193723  -0.713231 0.142375 1.156186  -0.692643 0.298671 1.001169  -0.654368 0.232696 0.656156  -0.771407 -0.146671 1.129939  -0.765405 -0.225848 0.941465  -0.732608 -0.284539 0.642196  -0.703644 0.079008 0.734709  -0.744277 0.092163 0.529701  -0.800918 0.078729 0.228616  -0.810285 0.047758 0.028617  -0.763555 -0.109986 0.724727  -0.736034 -0.108900 0.520199  -0.716677 -0.164161 0.220235  -0.751050 -0.200713 0.024152  
-0.638930 0.039279 1.391281  -0.693363 0.037293 1.190188  -0.724713 0.143593 1.152529  -0.731208 0.295729 0.991663  -0.672974 0.218082 0.651565  -0.777605 -0.146577 1.129214  -0.768604 -0.229041 0.941832  -0.733262 -0.290500 0.642945  -0.706307 0.071884 0.735794  -0.729607 0.087383 0.529603  -0.795544 0.079339 0.230239  -0.810511 0.047190 0.030795  -0.788368 -0.109129 0.721884  -0.741144 -0.112423 0.520013  -0.734245 -0.161880 0.217965  -0.761250 -0.199555 0.019204  
-0.647333 0.037036 1.389957  -0.695497 0.033625 1.186697  -0.728238 0.139550 1.148813  -0.750804 0.285067 0.983798  -0.708697 0.233799 0.636778  -0.780967 -0.149280 1.124983  -0.769350 -0.238286 0.941663  -0.742885 -0.289594 0.640392  -0.713128 0.069926 0.729903  -0.743400 0.086632 0.524041  -0.801517 0.082550 0.223438  -0.810217 0.047016 0.024091  -0.776712 -0.116621 0.718256  -0.762929 -0.111811 0.512798  -0.750893 -0.177500 0.214739  -0.793473 -0.209595 0.018164  
-0.655096 0.031218 1.389366  -0.700284 0.027269 1.185036  -0.729462 0.131917 1.148035  -0.757927 0.269217 0.976945  -0.711152 0.250434 0.627080  -0.773402 -0.157712 1.121249  -0.771512 -0.247605 0.938275  -0.748951 -0.297318 0.638001  -0.713787 0.067482 0.727071  -0.747396 0.084649 0.522307  -0.804269 0.075974 0.221413  -0.820466 0.045649 0.021701  -0.775129 -0.120108 0.713989  -0.763163 -0.112911 0.507687  -0.773494 -0.178024 0.209098  -0.811033 -0.199734 0.011324  
-0.652526 0.025974 1.390372  -0.702577 0.025184 1.187105  -0.729084 0.130591 1.149156  -0.769157 0.256838 0.972168  -0.711494 0.260380 0.623646  -0.776842 -0.159619 1.124161  -0.768018 -0.254278 0.943592  -0.749562 -0.314055 0.642969  -0.713646 0.060816 0.730332  -0.740270 0.080600 0.526298  -0.802439 0.071117 0.226331  -0.812553 0.041402 0.026233  -0.782477 -0.123662 0.716769  -0.764850 -0.116724 0.510178  -0.806936 -0.175927 0.212405  -0.831219 -0.199956 0.012759  
-0.654203 0.021691 1.391684  -0.705323 0.022590 1.189043  -0.734193 0.127166 1.151461  -0.767225 0.246351 0.968328  -0.708505 0.251468 0.620343  -0.774928 -0.164320 1.124516  -0.768018 -0.252380 0.940373  -0.750298 -0.311954 0.639547  -0.714104 0.059797 0.732164  -0.745058 0.079449 0.527969  -0.803384 0.072190 0.227997  -0.822848 0.043244 0.028454  -0.777153 -0.127295 0.718073  -0.768322 -0.117203 0.511265  -0.807497 -0.178647 0.214096  -0.828348 -0.197311 0.013180  
-0.658838 0.019898 1.396092  -0.710951 0.024085 1.192904  -0.754971 0.124346 1.155200  -0.765863 0.242324 0.968377  -0.711787 0.245626 0.619663  -0.761894 -0.169708 1.130876  -0.767347 -0.251511 0.943950  -0.751223 -0.320917 0.645148  -0.725224 0.053962 0.736402  -0.742156 0.070191 0.530859  -0.803677 0.065340 0.230638  -0.811572 0.044845 0.029254  -0.783685 -0.134524 0.724147  -0.775338 -0.125290 0.516734  -0.813676 -0.181704 0.217838  -0.829216 -0.201891 0.016881  
-0.662268 0.010851 1.396300  -0.711408 0.010439 1.192748  -0.750103 0.114542 1.155166  -0.763612 0.235222 0.970159  -0.720712 0.243621 0.619265  -0.776240 -0.177925 1.129751  -0.768392 -0.260565 0.943522  -0.752166 -0.328159 0.645565  -0.724962 0.047009 0.736545  -0.741246 0.067248 0.530874  -0.796081 0.063305 0.228711  -0.817615 0.037407 0.027670  -0.782563 -0.140413 0.721733  -0.774189 -0.128933 0.514663  -0.812742 -0.181869 0.215215  -0.823660 -0.200598 0.013828  
-0.668741 -0.011341 1.395408  -0.715231 0.000416 1.191284  -0.745624 0.103262 1.152912  -0.767232 0.216991 0.964394  -0.721838 0.227503 0.614210  -0.769858 -0.189744 1.129436  -0.774863 -0.271300 0.942733  -0.748087 -0.341777 0.647006  -0.720257 0.032568 0.734179  -0.747088 0.054200 0.530233  -0.795313 0.056348 0.227260  -0.811031 0.040663 0.025886  -0.784781 -0.153529 0.720724  -0.780443 -0.141438 0.512960  -0.826096 -0.189989 0.213413  -0.822755 -0.206812 0.011531  
-0.669549 -0.017159 1.400145  -0.717923 -0.013215 1.196532  -0.748595 0.089744 1.159380  -0.774158 0.203015 0.970995  -0.715045 0.221149 0.623224  -0.770387 -0.203408 1.130163  -0.776118 -0.278295 0.940544  -0.745045 -0.354264 0.645657  -0.725861 0.027517 0.740267  -0.750498 0.051290 0.536933  -0.798828 0.054333 0.234440  -0.817482 0.037617 0.033472  -0.789256 -0.159474 0.723493  -0.786804 -0.143151 0.516455  -0.825972 -0.189643 0.216031  -0.829875 -0.202591 0.013934  
-0.671364 -0.031387 1.399694  -0.719325 -0.025283 1.195106  -0.751446 0.077712 1.160257  -0.770418 0.192160 0.972061  -0.720107 0.206049 0.623546  -0.773035 -0.214626 1.128919  -0.775927 -0.286321 0.938090  -0.743196 -0.375133 0.646950  -0.735865 0.018285 0.737901  -0.758256 0.039756 0.533319  -0.797880 0.047919 0.228884  -0.806797 0.036711 0.026626  -0.787001 -0.171407 0.721718  -0.792496 -0.155118 0.514798  -0.830025 -0.198301 0.213802  -0.832338 -0.206857 0.011446  
-0.667238 -0.041860 1.398719  -0.721311 -0.031711 1.195939  -0.760070 0.069325 1.160028  -0.770732 0.185359 0.971979  -0.717287 0.202726 0.625429  -0.772671 -0.224637 1.130483  -0.774064 -0.293179 0.937760  -0.747091 -0.376637 0.644949  -0.726198 0.009544 0.738700  -0.755932 0.035779 0.534089  -0.795840 0.045803 0.230040  -0.811710 0.037131 0.028170  -0.797432 -0.174301 0.723173  -0.792506 -0.159793 0.515967  -0.824514 -0.206122 0.215085  -0.820366 -0.207685 0.012541  
-0.674382 -0.053197 1.399638  -0.729567 -0.032282 1.198576  -0.768424 0.066240 1.162885  -0.773100 0.168574 0.966939  -0.717292 0.180314 0.622407  -0.753594 -0.226786 1.131148  -0.772305 -0.304972 0.943737  -0.742875 -0.383155 0.648892  -0.740583 0.008780 0.741194  -0.760812 0.029485 0.536210  -0.785768 0.038217 0.229930  -0.799832 0.031652 0.027382  -0.777703 -0.184869 0.724505  -0.791917 -0.165977 0.518343  -0.830537 -0.208637 0.217385  -0.817097 -0.205452 0.015251  
-0.680562 -0.063965 1.400327  -0.727591 -0.039272 1.198297  -0.764766 0.061299 1.163083  -0.776913 0.162784 0.967171  -0.713452 0.172095 0.626738  -0.758973 -0.232849 1.130044  -0.767313 -0.310112 0.941310  -0.748212 -0.394107 0.646535  -0.744256 0.004165 0.742098  -0.756030 0.024621 0.536135  -0.788606 0.035085 0.231762  -0.802247 0.029158 0.029590  -0.779276 -0.189430 0.724519  -0.788762 -0.171326 0.518495  -0.831131 -0.215951 0.219114  -0.819621 -0.207123 0.017153  
-0.674028 -0.072851 1.401361  -0.726577 -0.055255 1.199424  -0.766329 0.044965 1.165863  -0.779936 0.149719 0.971597  -0.714429 0.173130 0.629670  -0.760516 -0.248296 1.129543  -0.771043 -0.319977 0.937574  -0.739448 -0.399230 0.642480  -0.747056 -0.007720 0.743551  -0.758360 0.014716 0.538545  -0.795730 0.027990 0.234174  -0.801720 0.027048 0.031631  -0.776245 -0.202160 0.723726  -0.788755 -0.180655 0.517994  -0.830523 -0.210903 0.216194  -0.826382 -0.205767 0.013802  
-0.673834 -0.080407 1.396894  -0.730662 -0.057572 1.196791  -0.768034 0.043033 1.162801  -0.777345 0.143123 0.966248  -0.714153 0.174129 0.627065  -0.769530 -0.250757 1.128027  -0.776928 -0.336566 0.942067  -0.741040 -0.404213 0.644432  -0.748608 -0.011325 0.741136  -0.759188 0.010903 0.535580  -0.800072 0.037055 0.233121  -0.809153 0.036184 0.030759  -0.778006 -0.206278 0.721963  -0.789489 -0.185849 0.516033  -0.829651 -0.216933 0.214696  -0.824780 -0.210690 0.012376  
-0.672223 -0.091889 1.400776  -0.729037 -0.067502 1.200217  -0.772633 0.032785 1.168371  -0.789999 0.118267 0.965154  -0.714223 0.162484 0.625703  -0.763601 -0.260410 1.130849  -0.773590 -0.341518 0.942124  -0.735099 -0.409026 0.644932  -0.759597 -0.018910 0.745281  -0.761030 0.003042 0.538375  -0.800305 0.029343 0.234824  -0.819226 0.032751 0.033081  -0.780033 -0.214265 0.724988  -0.784103 -0.193914 0.518518  -0.824521 -0.221521 0.216051  -0.833193 -0.211982 0.013930  
-0.667631 -0.100746 1.401139  -0.729117 -0.076144 1.201853  -0.772083 0.025590 1.169931  -0.789108 0.106780 0.964862  -0.715295 0.156512 0.623724  -0.777338 -0.267528 1.131260  -0.775129 -0.351178 0.943419  -0.735379 -0.416315 0.645863  -0.754727 -0.023732 0.747080  -0.762840 0.000312 0.540790  -0.798037 0.024563 0.236551  -0.804584 0.029689 0.034060  -0.780878 -0.219384 0.725461  -0.786921 -0.195768 0.519338  -0.829478 -0.223123 0.217278  -0.831782 -0.210396 0.015178  
-0.666835 -0.110147 1.398626  -0.733156 -0.079108 1.202447  -0.777230 0.020440 1.169999  -0.786634 0.090648 0.960552  -0.715633 0.134419 0.619014  -0.774244 -0.272586 1.131732  -0.774508 -0.365447 0.949058  -0.740529 -0.424033 0.649260  -0.763661 -0.026424 0.745721  -0.764623 -0.006373 0.537669  -0.801043 0.022761 0.233683  -0.808764 0.033091 0.031367  -0.772716 -0.224235 0.726632  -0.788146 -0.204232 0.521628  -0.827587 -0.227816 0.219472  -0.829735 -0.211808 0.017673  
-0.671659 -0.114991 1.400817  -0.739017 -0.093051 1.203423  -0.778281 0.008312 1.169358  -0.785167 0.090718 0.963935  -0.728402 0.132710 0.617769  -0.779330 -0.284806 1.132203  -0.777630 -0.369371 0.946495  -0.733858 -0.423545 0.647576  -0.754583 -0.040477 0.747477  -0.769933 -0.014848 0.541720  -0.799321 0.017514 0.237273  -0.817235 0.027661 0.035586  -0.784709 -0.235061 0.725934  -0.796960 -0.210509 0.519811  -0.825474 -0.226857 0.214962  -0.831107 -0.215260 0.012807  
-0.669827 -0.124002 1.396541  -0.739327 -0.098064 1.201418  -0.789319 -0.000086 1.168885  -0.788207 0.085445 0.964668  -0.731601 0.129458 0.618841  -0.764894 -0.292165 1.129519  -0.786623 -0.380196 0.946456  -0.732289 -0.443272 0.650722  -0.759404 -0.046273 0.748364  -0.762279 -0.019730 0.543692  -0.797771 0.014065 0.241153  -0.815835 0.032168 0.040250  -0.778059 -0.241608 0.723521  -0.786688 -0.215205 0.517899  -0.827878 -0.229811 0.214833  -0.823549 -0.214415 0.012954  
-0.669955 -0.134751 1.399678  -0.739652 -0.107516 1.205035  -0.778022 -0.006446 1.171521  -0.784808 0.078026 0.967047  -0.730316 0.117451 0.620464  -0.771862 -0.299618 1.131382  -0.782455 -0.375605 0.941421  -0.721577 -0.447731 0.648919  -0.747000 -0.052761 0.750510  -0.761445 -0.023847 0.546029  -0.787425 0.005814 0.241871  -0.791642 0.019385 0.039707  -0.781467 -0.245980 0.725716  -0.783637 -0.219402 0.519824  -0.826077 -0.228728 0.216490  -0.826521 -0.211065 0.014516  
-0.672183 -0.146943 1.401874  -0.741422 -0.115455 1.207264  -0.788054 -0.016394 1.176270  -0.797643 0.067064 0.971385  -0.725038 0.104164 0.627912  -0.766286 -0.308339 1.131139  -0.765209 -0.383114 0.939727  -0.718827 -0.449181 0.643293  -0.765930 -0.053027 0.752988  -0.762973 -0.026272 0.545987  -0.782869 -0.001579 0.240231  -0.795334 0.012866 0.037000  -0.781101 -0.248899 0.726977  -0.788598 -0.221862 0.521246  -0.825912 -0.234048 0.218499  -0.832827 -0.212418 0.017293  
-0.663656 -0.146097 1.398620  -0.732134 -0.122204 1.202157  -0.782375 -0.022654 1.174290  -0.795080 0.079117 0.978154  -0.735422 0.097175 0.630867  -0.767463 -0.314244 1.127596  -0.775355 -0.395266 0.939292  -0.725890 -0.454890 0.642041  -0.771189 -0.059636 0.750045  -0.769237 -0.031981 0.544223  -0.779951 -0.004815 0.238545  -0.785641 0.013329 0.036787  -0.787979 -0.255078 0.723331  -0.795495 -0.226862 0.517554  -0.819461 -0.234956 0.212228  -0.822865 -0.217569 0.010459  
-0.660494 -0.151727 1.399481  -0.735312 -0.134443 1.204304  -0.777924 -0.033038 1.174935  -0.804197 0.073292 0.982744  -0.746170 0.097782 0.638559  -0.778278 -0.325005 1.127586  -0.770828 -0.399926 0.937283  -0.727675 -0.451285 0.637517  -0.773579 -0.067313 0.751694  -0.766895 -0.037424 0.546736  -0.777498 -0.006243 0.241807  -0.787241 0.007195 0.039911  -0.771555 -0.263195 0.722579  -0.787904 -0.232696 0.517425  -0.828733 -0.237240 0.213605  -0.831336 -0.217081 0.012066  
-0.657950 -0.160934 1.401473  -0.720110 -0.156466 1.201265  -0.761124 -0.050866 1.177630  -0.800268 0.065255 0.993622  -0.735087 0.098713 0.647969  -0.783125 -0.339175 1.118291  -0.768949 -0.404539 0.924875  -0.713820 -0.462360 0.628266  -0.779343 -0.068432 0.752924  -0.772191 -0.034188 0.547046  -0.776230 -0.010853 0.240435  -0.788636 0.003526 0.038630  -0.770767 -0.263060 0.717385  -0.792306 -0.228643 0.514365  -0.825685 -0.235791 0.210139  -0.834082 -0.210752 0.009378  
-0.658520 -0.164252 1.401882  -0.724234 -0.165004 1.202811  -0.766684 -0.058895 1.179772  -0.798941 0.063246 0.998138  -0.743992 0.092120 0.649651  -0.791502 -0.347383 1.119607  -0.765228 -0.405150 0.924972  -0.716662 -0.461980 0.627391  -0.770635 -0.072948 0.753789  -0.767501 -0.038505 0.547517  -0.768948 -0.004693 0.241618  -0.776071 0.006950 0.038906  -0.769289 -0.268318 0.719906  -0.788121 -0.234427 0.517299  -0.826099 -0.243389 0.214433  -0.832092 -0.219189 0.013563  
-0.653696 -0.165501 1.399373  -0.722202 -0.159466 1.200342  -0.781716 -0.059809 1.179609  -0.803148 0.063057 0.997001  -0.737576 0.089970 0.651559  -0.774745 -0.347839 1.117700  -0.764102 -0.414881 0.924960  -0.710089 -0.471973 0.628208  -0.780071 -0.071145 0.752131  -0.765185 -0.038351 0.544395  -0.763607 -0.011724 0.237036  -0.773991 -0.001630 0.034729  -0.771355 -0.266224 0.718120  -0.788739 -0.233061 0.515626  -0.820908 -0.244562 0.212182  -0.820505 -0.212973 0.012291  
-0.652893 -0.164688 1.400774  -0.721724 -0.156075 1.202938  -0.775048 -0.054528 1.181212  -0.807099 0.064544 0.997831  -0.739543 0.089566 0.652339  -0.774938 -0.343026 1.121470  -0.753501 -0.400416 0.925074  -0.704980 -0.458185 0.627289  -0.775911 -0.069554 0.754364  -0.760808 -0.038947 0.546553  -0.764685 -0.014351 0.238895  -0.782370 -0.002150 0.035879  -0.766055 -0.264855 0.721834  -0.784696 -0.233735 0.519315  -0.827254 -0.241673 0.217101  -0.829543 -0.212733 0.016832  
-0.655259 -0.159264 1.394111  -0.720760 -0.153782 1.195563  -0.775293 -0.053433 1.171294  -0.802355 0.071561 0.990998  -0.739032 0.094696 0.649179  -0.772925 -0.342546 1.114879  -0.763008 -0.412676 0.922932  -0.704890 -0.472270 0.627240  -0.771319 -0.074391 0.745627  -0.756566 -0.043754 0.538019  -0.770281 -0.020650 0.230254  -0.807205 -0.015467 0.030573  -0.766078 -0.270035 0.713586  -0.789058 -0.237805 0.511336  -0.822769 -0.244679 0.207771  -0.826673 -0.213645 0.007808  
-0.652787 -0.170540 1.402189  -0.718408 -0.157151 1.202915  -0.775363 -0.056623 1.178992  -0.797092 0.073075 1.000996  -0.744355 0.093205 0.652039  -0.768546 -0.345686 1.120614  -0.767452 -0.416663 0.929241  -0.704031 -0.469725 0.633510  -0.761456 -0.074193 0.752747  -0.758656 -0.041460 0.545713  -0.769103 -0.018477 0.238774  -0.805519 -0.011401 0.038202  -0.766798 -0.269240 0.719382  -0.787680 -0.235213 0.516523  -0.819548 -0.241149 0.212339  -0.829111 -0.214589 0.011861  
-0.654028 -0.162868 1.400052  -0.726684 -0.150270 1.204882  -0.785276 -0.052105 1.177100  -0.792206 0.082122 1.001265  -0.746306 0.096759 0.652194  -0.762620 -0.341423 1.123454  -0.764539 -0.408375 0.929301  -0.699939 -0.470433 0.635472  -0.748258 -0.074686 0.754429  -0.748878 -0.041181 0.548330  -0.772988 -0.021310 0.241959  -0.802368 -0.009891 0.042130  -0.776361 -0.267525 0.722401  -0.781049 -0.234451 0.518733  -0.822695 -0.245187 0.216229  -0.830746 -0.218457 0.015755  
-0.653583 -0.157953 1.399445  -0.721822 -0.143050 1.201974  -0.769017 -0.041576 1.173274  -0.782279 0.091427 0.996815  -0.738930 0.095756 0.646034  -0.762609 -0.332450 1.121039  -0.772328 -0.404620 0.927359  -0.694905 -0.463479 0.635888  -0.750034 -0.066843 0.749909  -0.756718 -0.036714 0.543646  -0.779230 -0.021176 0.238118  -0.808868 -0.012109 0.037846  -0.771459 -0.260876 0.719767  -0.789191 -0.230202 0.516182  -0.826433 -0.238607 0.213966  -0.830496 -0.209762 0.013684  
-0.652239 -0.151513 1.396415  -0.726114 -0.137386 1.200444  -0.784632 -0.037383 1.172136  -0.771715 0.110045 1.002535  -0.741134 0.107567 0.650335  -0.765360 -0.328478 1.121356  -0.764436 -0.399000 0.928909  -0.700305 -0.464899 0.635792  -0.745161 -0.067246 0.749350  -0.752622 -0.033085 0.543420  -0.781583 -0.024343 0.236625  -0.820257 -0.017808 0.035569  -0.779065 -0.258860 0.718080  -0.782643 -0.226416 0.513294  -0.827122 -0.235765 0.210534  -0.819068 -0.216153 0.008895  
-0.651442 -0.146254 1.394486  -0.725345 -0.127601 1.199712  -0.775598 -0.027397 1.168975  -0.749311 0.124738 1.008971  -0.732397 0.113850 0.655923  -0.763121 -0.319369 1.123106  -0.768931 -0.391766 0.931763  -0.706843 -0.459062 0.638547  -0.745122 -0.062028 0.746089  -0.760951 -0.032422 0.540242  -0.786936 -0.020437 0.234068  -0.816922 -0.012352 0.032550  -0.779716 -0.255414 0.720050  -0.786020 -0.227187 0.515356  -0.821636 -0.233211 0.211792  -0.831853 -0.212758 0.010652  
-0.652141 -0.135623 1.402541  -0.726255 -0.118967 1.206587  -0.781323 -0.019641 1.175606  -0.736590 0.129866 1.011966  -0.726368 0.113488 0.658801  -0.766606 -0.312478 1.131608  -0.756568 -0.379806 0.935230  -0.707921 -0.447116 0.639350  -0.745194 -0.057154 0.753493  -0.754804 -0.027895 0.547699  -0.813197 -0.015536 0.246008  -0.842917 -0.012638 0.045074  -0.776694 -0.251249 0.726809  -0.775763 -0.223048 0.521674  -0.815235 -0.233546 0.218517  -0.815341 -0.217986 0.016663  
-0.650078 -0.127945 1.402430  -0.720168 -0.121468 1.205116  -0.767662 -0.020271 1.173368  -0.748568 0.129171 1.009634  -0.727525 0.113028 0.657128  -0.773200 -0.313040 1.131128  -0.759358 -0.380345 0.938481  -0.706906 -0.432590 0.639908  -0.739826 -0.059662 0.751779  -0.761206 -0.029634 0.546648  -0.797645 -0.016955 0.241227  -0.821838 -0.014340 0.037551  -0.766612 -0.254613 0.725486  -0.779340 -0.224992 0.520291  -0.822376 -0.225620 0.216913  -0.826437 -0.211778 0.014893  
-0.652599 -0.124534 1.398393  -0.717798 -0.119105 1.199910  -0.757404 -0.015329 1.168613  -0.734173 0.140867 1.013148  -0.728960 0.113516 0.660729  -0.772545 -0.306814 1.124042  -0.767586 -0.375180 0.931392  -0.709218 -0.430215 0.634873  -0.733273 -0.054048 0.745931  -0.763383 -0.023337 0.541461  -0.809019 -0.013696 0.237265  -0.827316 -0.011186 0.035059  -0.781012 -0.247052 0.720611  -0.779733 -0.218820 0.516034  -0.821628 -0.226474 0.213394  -0.830460 -0.207434 0.012075  
-0.658961 -0.123394 1.400362  -0.721846 -0.108741 1.201389  -0.763365 -0.006897 1.169891  -0.750567 0.150359 1.014223  -0.717463 0.122890 0.662496  -0.762801 -0.299419 1.125560  -0.770211 -0.372493 0.932804  -0.708981 -0.430726 0.637054  -0.739519 -0.046012 0.747403  -0.766319 -0.018163 0.542693  -0.812000 -0.011775 0.239062  -0.829691 -0.006683 0.036902  -0.768044 -0.240285 0.721993  -0.779210 -0.214072 0.517523  -0.818492 -0.228748 0.215159  -0.810596 -0.214802 0.013382  
-0.650981 -0.117834 1.399814  -0.717771 -0.099955 1.202243  -0.765346 0.002914 1.169696  -0.734825 0.147589 1.000739  -0.716257 0.118605 0.648606  -0.768552 -0.289983 1.129857  -0.764813 -0.362732 0.938191  -0.706631 -0.428383 0.643753  -0.738037 -0.042805 0.748646  -0.757565 -0.014773 0.543636  -0.807020 -0.009641 0.240111  -0.821817 -0.009312 0.036922  -0.763085 -0.237010 0.723940  -0.772318 -0.210691 0.518264  -0.821331 -0.224837 0.216234  -0.821292 -0.211405 0.014159  
-0.654743 -0.112276 1.397261  -0.724867 -0.091528 1.201281  -0.768168 0.008993 1.167281  -0.736003 0.156298 1.001601  -0.715425 0.130267 0.649564  -0.760590 -0.284130 1.129473  -0.766559 -0.362686 0.938949  -0.709394 -0.429443 0.644563  -0.737179 -0.040398 0.747907  -0.765689 -0.011839 0.545386  -0.801563 -0.008784 0.240667  -0.814041 -0.006628 0.037778  -0.776209 -0.234073 0.723875  -0.777246 -0.207839 0.518035  -0.819390 -0.225212 0.215248  -0.818702 -0.213011 0.012742  
-0.653572 -0.106917 1.399905  -0.719842 -0.084954 1.201501  -0.766411 0.015926 1.168465  -0.741128 0.149135 0.990157  -0.720954 0.129510 0.641792  -0.766605 -0.278190 1.132163  -0.759718 -0.353529 0.939354  -0.704864 -0.417613 0.643626  -0.740699 -0.035585 0.747023  -0.765651 -0.010478 0.542448  -0.803360 -0.013008 0.237828  -0.816040 -0.016742 0.035629  -0.778181 -0.229566 0.725877  -0.780554 -0.206521 0.519434  -0.814070 -0.222866 0.215529  -0.822553 -0.206549 0.013813  
-0.653081 -0.105993 1.401401  -0.718623 -0.088871 1.202023  -0.767054 0.012234 1.168451  -0.74