16
0.100000
0.050000
0.090000
0.050000
0.040000
0.090000
0.050000
0.040000
0.100000
0.075000
0.050000
0.050000
0.100000
0.075000
0.050000
0.050000
24
0 1
1 2
1 5
1 8
1 12
2 5
2 8
2 12
5 8
5 12
8 9
8 13
12 9
12 13
8 12
9 13
2 3
3 4
5 6
6 7
9 10
10 11
13 14
14 15
-0.489574 -0.028634 1.415382  -0.543461 -0.060725 1.218707  -0.568289 0.092632 1.188954  -0.566849 0.168158 0.981099  -0.521756 0.226497 0.638851  -0.576788 -0.200819 1.150385  -0.552959 -0.286521 0.944585  -0.516724 -0.360365 0.648623  -0.536354 -0.005008 0.763074  -0.542318 0.018673 0.558879  -0.603627 0.060023 0.262321  -0.637188 0.050087 0.062957  -0.573564 -0.147809 0.748393  -0.570342 -0.130228 0.544748  -0.625442 -0.185677 0.250406  -0.645812 -0.176975 0.049379  
-0.492202 -0.038436 1.414874  -0.537427 -0.060004 1.213306  -0.566146 0.094706 1.183836  -0.579571 0.190011 0.984619  -0.514381 0.235778 0.641643  -0.581467 -0.198299 1.145655  -0.578794 -0.283817 0.935948  -0.513104 -0.367963 0.647796  -0.531809 -0.000833 0.758105  -0.546950 0.022967 0.553229  -0.605730 0.057310 0.254915  -0.641193 0.048263 0.055759  -0.585761 -0.140922 0.744873  -0.573809 -0.126236 0.541830  -0.621801 -0.195635 0.249936  -0.649692 -0.171412 0.051173  
-0.499524 -0.030334 1.410936  -0.541208 -0.058442 1.209834  -0.570329 0.095227 1.179292  -0.582260 0.194945 0.982159  -0.517537 0.226486 0.636932  -0.576730 -0.198114 1.141337  -0.586430 -0.289597 0.936851  -0.521514 -0.371422 0.647974  -0.536774 -0.002491 0.753769  -0.547844 0.022504 0.550553  -0.611338 0.054651 0.253336  -0.637480 0.053552 0.052625  -0.574177 -0.145315 0.738956  -0.576955 -0.126115 0.535027  -0.625064 -0.192047 0.241311  -0.649248 -0.173289 0.041347  
-0.500887 -0.033864 1.411864  -0.540543 -0.055998 1.209603  -0.573826 0.098152 1.178063  -0.589560 0.197194 0.978434  -0.514834 0.228674 0.635855  -0.580450 -0.196149 1.141777  -0.586394 -0.282933 0.933428  -0.521890 -0.368032 0.645402  -0.535144 -0.001066 0.753817  -0.546601 0.023100 0.550174  -0.608410 0.057918 0.252998  -0.639798 0.042207 0.053669  -0.583339 -0.141081 0.739961  -0.575234 -0.125614 0.536000  -0.627473 -0.190244 0.243066  -0.652973 -0.171167 0.043352  
-0.511128 -0.039502 1.412017  -0.542518 -0.058807 1.207903  -0.572154 0.095623 1.179401  -0.594791 0.200786 0.984640  -0.520974 0.227784 0.636309  -0.580858 -0.197620 1.139195  -0.596449 -0.284235 0.932724  -0.527706 -0.371249 0.646349  -0.543706 0.003057 0.752430  -0.557014 0.025994 0.548241  -0.607199 0.058861 0.248558  -0.639296 0.050957 0.048821  -0.574621 -0.141369 0.738056  -0.583814 -0.122816 0.534737  -0.628742 -0.188025 0.240970  -0.652361 -0.174905 0.040550  
-0.515263 -0.033943 1.413379  -0.548213 -0.057284 1.209851  -0.575775 0.096641 1.178647  -0.594289 0.200530 0.982290  -0.524020 0.228493 0.633302  -0.582172 -0.196835 1.140622  -0.596061 -0.282785 0.933029  -0.523645 -0.364486 0.645904  -0.539927 0.000953 0.753093  -0.550432 0.024229 0.548485  -0.609976 0.059448 0.250697  -0.637502 0.052147 0.050258  -0.580713 -0.141078 0.739036  -0.579230 -0.124473 0.535494  -0.629356 -0.196309 0.244110  -0.655027 -0.168654 0.045439  
-0.514023 -0.033825 1.414110  -0.550031 -0.058894 1.210820  -0.580845 0.096384 1.181431  -0.596320 0.198184 0.982023  -0.529750 0.221175 0.631948  -0.596193 -0.196945 1.141614  -0.591222 -0.281860 0.932371  -0.530558 -0.363142 0.642414  -0.549058 0.001858 0.754881  -0.558204 0.026488 0.550517  -0.608298 0.061339 0.250796  -0.639477 0.047797 0.051218  -0.586314 -0.141892 0.740031  -0.584005 -0.122708 0.536537  -0.625435 -0.194680 0.243862  -0.646910 -0.170626 0.044252  
-0.518265 -0.031895 1.413474  -0.555000 -0.060589 1.211332  -0.577243 0.094807 1.182119  -0.596560 0.204602 0.988697  -0.534979 0.227201 0.637684  -0.598129 -0.197964 1.141866  -0.600681 -0.284048 0.933730  -0.534524 -0.362713 0.644257  -0.548005 -0.000346 0.755758  -0.555642 0.025381 0.553002  -0.610875 0.058736 0.254547  -0.638558 0.053485 0.054130  -0.591826 -0.144192 0.740040  -0.586333 -0.122713 0.535934  -0.627495 -0.189425 0.241374  -0.648533 -0.173860 0.040772  
-0.519257 -0.032990 1.411469  -0.557684 -0.061741 1.210194  -0.579440 0.093406 1.178811  -0.600302 0.195879 0.981716  -0.531625 0.212291 0.633627  -0.601610 -0.200014 1.141572  -0.603604 -0.287075 0.933872  -0.535180 -0.367919 0.645527  -0.545358 -0.006045 0.754871  -0.559233 0.021682 0.551760  -0.605975 0.060423 0.252531  -0.635102 0.049666 0.052535  -0.599193 -0.145011 0.739457  -0.586679 -0.127176 0.535555  -0.634221 -0.190944 0.241689  -0.649949 -0.175551 0.040636  
-0.521002 -0.025983 1.411497  -0.557411 -0.054396 1.209860  -0.584853 0.099448 1.176503  -0.607679 0.202193 0.981042  -0.527377 0.218970 0.633504  -0.594962 -0.194707 1.142631  -0.601519 -0.281507 0.935952  -0.543263 -0.366148 0.646419  -0.547423 -0.003964 0.753527  -0.568190 0.021856 0.550328  -0.609843 0.060776 0.250879  -0.637389 0.048163 0.050762  -0.599768 -0.142781 0.740084  -0.593595 -0.127479 0.535810  -0.627999 -0.194203 0.241104  -0.651342 -0.173488 0.041267  
-0.523695 -0.029735 1.410233  -0.562460 -0.052418 1.208495  -0.597167 0.100932 1.175622  -0.611407 0.203812 0.980071  -0.537085 0.218111 0.631357  -0.599666 -0.193173 1.142152  -0.603103 -0.279630 0.936046  -0.545507 -0.364275 0.646430  -0.552841 -0.004511 0.753472  -0.562440 0.021324 0.549969  -0.610707 0.060017 0.250811  -0.642380 0.042880 0.051649  -0.608331 -0.141242 0.738846  -0.589188 -0.127969 0.535073  -0.633998 -0.188672 0.239639  -0.652401 -0.173759 0.038727  
-0.524165 -0.031430 1.415508  -0.563167 -0.054160 1.212915  -0.589001 0.099952 1.181037  -0.605765 0.206192 0.986569  -0.536129 0.218937 0.636568  -0.601360 -0.194005 1.145424  -0.601580 -0.285293 0.939574  -0.550192 -0.367826 0.648185  -0.556125 -0.000792 0.756692  -0.568908 0.024512 0.553242  -0.608317 0.057421 0.251889  -0.637247 0.049694 0.051695  -0.603722 -0.142099 0.742752  -0.593100 -0.125109 0.538355  -0.629362 -0.188895 0.242502  -0.650382 -0.174305 0.041840  
-0.524595 -0.035826 1.412081  -0.564166 -0.056193 1.209467  -0.596170 0.097953 1.177820  -0.613030 0.204640 0.984480  -0.539758 0.224210 0.635535  -0.603848 -0.195919 1.141530  -0.608129 -0.286042 0.936566  -0.553283 -0.374193 0.647362  -0.553364 -0.002711 0.753545  -0.568148 0.022712 0.549293  -0.615426 0.056624 0.249414  -0.639598 0.049407 0.048533  -0.608742 -0.139663 0.739018  -0.592403 -0.127059 0.535171  -0.635023 -0.191990 0.240983  -0.655093 -0.173217 0.040574  
-0.526887 -0.030598 1.412861  -0.565578 -0.062585 1.211902  -0.592930 0.093269 1.181260  -0.613989 0.196006 0.986322  -0.543828 0.216815 0.636826  -0.612765 -0.199427 1.143329  -0.608222 -0.285114 0.935432  -0.552052 -0.367297 0.644826  -0.556140 -0.006840 0.757536  -0.564969 0.021627 0.554579  -0.612032 0.051834 0.254266  -0.632419 0.047645 0.052951  -0.609965 -0.143604 0.740718  -0.591433 -0.127315 0.537171  -0.633100 -0.188645 0.241453  -0.652144 -0.165874 0.041344  
-0.528359 -0.030751 1.415671  -0.571499 -0.061121 1.215646  -0.600077 0.093745 1.184783  -0.620752 0.199697 0.989250  -0.540198 0.226548 0.642403  -0.611158 -0.199913 1.146554  -0.609758 -0.285132 0.938058  -0.549744 -0.366061 0.647869  -0.559163 -0.005116 0.760967  -0.568359 0.021743 0.557558  -0.612795 0.056456 0.257988  -0.641318 0.049187 0.057767  -0.609185 -0.143761 0.744345  -0.591804 -0.127596 0.540790  -0.634437 -0.187587 0.245487  -0.650972 -0.170687 0.044601  
-0.528685 -0.030618 1.415530  -0.569842 -0.056179 1.214401  -0.593732 0.098511 1.180844  -0.621991 0.195973 0.981803  -0.539034 0.222550 0.635502  -0.607922 -0.195154 1.146054  -0.612189 -0.284323 0.940590  -0.555474 -0.367014 0.650236  -0.554964 -0.005037 0.758360  -0.566140 0.021288 0.554884  -0.609359 0.060496 0.255002  -0.638899 0.046248 0.055283  -0.608414 -0.142257 0.743472  -0.594721 -0.127560 0.539777  -0.636886 -0.189551 0.244434  -0.650842 -0.173876 0.043255  
-0.530687 -0.031268 1.413906  -0.570324 -0.060326 1.212357  -0.592969 0.095087 1.180967  -0.622391 0.194935 0.983167  -0.541470 0.220388 0.636300  -0.614692 -0.197811 1.143861  -0.610931 -0.278759 0.933270  -0.558197 -0.369434 0.644554  -0.557132 -0.003426 0.756660  -0.573812 0.022273 0.552563  -0.610118 0.058551 0.251519  -0.635344 0.053829 0.050704  -0.609032 -0.143085 0.742148  -0.600588 -0.126983 0.538562  -0.635846 -0.189983 0.243546  -0.651913 -0.173372 0.042654  
-0.531775 -0.029014 1.407905  -0.569898 -0.057322 1.207042  -0.596211 0.096378 1.174095  -0.614551 0.201781 0.978897  -0.545118 0.224982 0.634172  -0.603735 -0.198046 1.138763  -0.614480 -0.280609 0.930516  -0.552782 -0.370294 0.643272  -0.553484 -0.004647 0.751504  -0.568843 0.021918 0.548317  -0.617169 0.057041 0.248759  -0.641128 0.045865 0.048109  -0.609505 -0.142445 0.736969  -0.593814 -0.127423 0.533419  -0.638770 -0.194299 0.239925  -0.649135 -0.173475 0.039051  
-0.533942 -0.032406 1.412456  -0.575203 -0.057605 1.211088  -0.600666 0.097443 1.178129  -0.615412 0.188501 0.974238  -0.546143 0.216393 0.631863  -0.618335 -0.195972 1.143091  -0.614890 -0.281344 0.935020  -0.557404 -0.372912 0.647496  -0.559297 -0.005587 0.755861  -0.567196 0.021305 0.552786  -0.614996 0.058432 0.253478  -0.632339 0.054369 0.051895  -0.610003 -0.144236 0.739931  -0.595148 -0.127531 0.536029  -0.630667 -0.190805 0.239871  -0.646167 -0.172083 0.039033  
-0.534009 -0.032498 1.413039  -0.574791 -0.062651 1.213224  -0.599742 0.092297 1.180102  -0.612894 0.195032 0.983624  -0.544764 0.226328 0.634494  -0.620564 -0.201330 1.144491  -0.616259 -0.280169 0.934880  -0.556645 -0.363374 0.645255  -0.551451 -0.010004 0.758606  -0.563415 0.018074 0.554813  -0.612200 0.056951 0.255600  -0.635065 0.051652 0.054552  -0.618508 -0.143831 0.742477  -0.589065 -0.131194 0.539738  -0.634418 -0.193629 0.245251  -0.645132 -0.176627 0.044024  
-0.534024 -0.031525 1.412937  -0.577065 -0.061518 1.212862  -0.606927 0.092632 1.180994  -0.612586 0.193484 0.982361  -0.543084 0.215012 0.632763  -0.611816 -0.201308 1.144222  -0.621638 -0.287625 0.938423  -0.557441 -0.364539 0.648040  -0.560410 -0.008201 0.758236  -0.568323 0.018680 0.554408  -0.615557 0.058246 0.256185  -0.639239 0.051320 0.055300  -0.610418 -0.146739 0.741474  -0.596896 -0.129895 0.537575  -0.634890 -0.190413 0.242001  -0.650254 -0.177301 0.040716  
-0.531407 -0.032125 1.410648  -0.570156 -0.063052 1.209683  -0.603576 0.091742 1.181398  -0.614357 0.191531 0.984041  -0.543619 0.217178 0.635576  -0.614933 -0.200890 1.140451  -0.611399 -0.285062 0.932632  -0.557152 -0.369808 0.642689  -0.561396 -0.002989 0.755416  -0.563172 0.023433 0.551074  -0.614121 0.057382 0.251340  -0.640435 0.047918 0.050824  -0.609204 -0.142193 0.738562  -0.591471 -0.125347 0.534567  -0.634729 -0.190786 0.239890  -0.648840 -0.171270 0.039020  
-0.529228 -0.035199 1.408133  -0.569315 -0.065081 1.208074  -0.601912 0.091021 1.176378  -0.611848 0.198590 0.983088  -0.540457 0.222540 0.634719  -0.623199 -0.201467 1.140632  -0.612201 -0.283809 0.931622  -0.561894 -0.373659 0.642197  -0.558112 -0.013330 0.754670  -0.563573 0.015054 0.551633  -0.607959 0.057727 0.252658  -0.644475 0.049254 0.053808  -0.616111 -0.148645 0.737484  -0.593623 -0.133271 0.534607  -0.628134 -0.194470 0.238198  -0.651517 -0.170531 0.038728  
-0.531158 -0.037173 1.415316  -0.570483 -0.063965 1.214173  -0.594826 0.091383 1.182339  -0.616160 0.194320 0.985579  -0.538092 0.224207 0.638413  -0.614066 -0.201863 1.145642  -0.617674 -0.281718 0.935204  -0.563959 -0.372655 0.646752  -0.557171 -0.009890 0.759298  -0.562253 0.015983 0.555028  -0.612614 0.054683 0.256034  -0.641929 0.046588 0.055915  -0.615403 -0.145955 0.743377  -0.592115 -0.132492 0.540855  -0.627376 -0.194366 0.244982  -0.643964 -0.174965 0.044390  
-0.531789 -0.035130 1.414037  -0.572215 -0.065248 1.213838  -0.597292 0.089891 1.182543  -0.615293 0.193145 0.985603  -0.541214 0.223290 0.637585  -0.615238 -0.203180 1.144490  -0.624700 -0.281823 0.935201  -0.561410 -0.371951 0.648442  -0.555994 -0.008846 0.759356  -0.569639 0.020269 0.556813  -0.609114 0.055292 0.256013  -0.635045 0.056690 0.055314  -0.610465 -0.145899 0.742526  -0.596555 -0.128475 0.539187  -0.631423 -0.188254 0.242502  -0.650951 -0.174512 0.041655  
-0.530728 -0.037504 1.412690  -0.576813 -0.064131 1.213054  -0.598012 0.091039 1.181207  -0.608989 0.195051 0.985155  -0.545758 0.216717 0.634378  -0.615484 -0.202414 1.144060  -0.630209 -0.287032 0.937707  -0.556211 -0.372647 0.652131  -0.553555 -0.012863 0.759707  -0.563712 0.019037 0.557335  -0.608866 0.059631 0.258232  -0.633763 0.052157 0.057562  -0.619747 -0.143780 0.741300  -0.592089 -0.129558 0.538383  -0.632458 -0.189168 0.241988  -0.651449 -0.171657 0.041325  
-0.527148 -0.033482 1.416068  -0.570095 -0.057529 1.214597  -0.603290 0.097755 1.182348  -0.607774 0.202385 0.985893  -0.543339 0.223589 0.635307  -0.623170 -0.195218 1.147652  -0.625560 -0.282832 0.941551  -0.537728 -0.373154 0.661352  -0.560963 -0.004102 0.759856  -0.563816 0.021005 0.555481  -0.614378 0.056407 0.255765  -0.632614 0.056699 0.054119  -0.607317 -0.144235 0.744008  -0.590029 -0.128116 0.540180  -0.630144 -0.190155 0.244350  -0.650393 -0.174454 0.043676  
-0.528787 -0.032376 1.411841  -0.566951 -0.052007 1.209539  -0.595179 0.103699 1.176545  -0.612197 0.203199 0.979488  -0.544604 0.225349 0.631457  -0.621274 -0.188881 1.143766  -0.632348 -0.288185 0.946170  -0.508617 -0.377811 0.679041  -0.557041 -0.002246 0.753951  -0.566938 0.020570 0.549100  -0.613499 0.058563 0.249100  -0.633132 0.051314 0.047722  -0.599581 -0.143835 0.740451  -0.588578 -0.129570 0.536890  -0.619307 -0.189121 0.239922  -0.618926 -0.175014 0.038187  
-0.527255 -0.036934 1.414595  -0.570974 -0.056724 1.213948  -0.599177 0.099769 1.181711  -0.611081 0.202166 0.985313  -0.542310 0.227000 0.635790  -0.628767 -0.191984 1.147665  -0.639212 -0.318164 0.964534  -0.463626 -0.376984 0.718937  -0.562180 -0.004825 0.759801  -0.576175 0.022276 0.556069  -0.613842 0.062335 0.255745  -0.638915 0.051427 0.055199  -0.607128 -0.144908 0.744242  -0.598756 -0.127586 0.540801  -0.628323 -0.195649 0.245987  -0.650684 -0.176626 0.045915  
-0.526618 -0.035317 1.417582  -0.571209 -0.059307 1.216210  -0.592542 0.098591 1.184393  -0.613490 0.196925 0.986413  -0.544613 0.223175 0.637015  -0.630023 -0.191876 1.147585  -0.648678 -0.323073 0.970286  -0.427496 -0.371421 0.765346  -0.556339 -0.004900 0.760814  -0.564116 0.022980 0.557583  -0.609273 0.058939 0.257149  -0.636784 0.052273 0.056679  -0.604142 -0.144404 0.743952  -0.585417 -0.127041 0.539675  -0.622296 -0.187872 0.242617  -0.643679 -0.171106 0.042060  
-0.522325 -0.035701 1.417610  -0.566794 -0.053478 1.215921  -0.592415 0.104520 1.184001  -0.612704 0.202133 0.986092  -0.542378 0.229385 0.637059  -0.632473 -0.185654 1.148454  -0.641014 -0.360603 1.012028  -0.378651 -0.366289 0.850983  -0.558533 -0.000822 0.761111  -0.563133 0.023306 0.557490  -0.611282 0.056614 0.257304  -0.637545 0.048822 0.056720  -0.592274 -0.145489 0.746037  -0.583534 -0.126694 0.541382  -0.623859 -0.189046 0.245328  -0.650342 -0.177763 0.045035  
-0.518791 -0.033174 1.419703  -0.563191 -0.050241 1.217978  -0.601106 0.105742 1.185076  -0.610809 0.203154 0.984948  -0.542550 0.230857 0.637274  -0.621696 -0.186305 1.153618  -0.639639 -0.363681 1.022619  -0.356116 -0.364294 0.904376  -0.562358 -0.003010 0.763564  -0.562878 0.020257 0.560056  -0.607583 0.057189 0.259852  -0.635764 0.050722 0.059495  -0.595813 -0.146400 0.748596  -0.582933 -0.129751 0.543782  -0.622416 -0.185734 0.246088  -0.650167 -0.172960 0.046015  
-0.519282 -0.031584 1.414508  -0.561176 -0.044752 1.212496  -0.593229 0.109655 1.179882  -0.610792 0.202236 0.979656  -0.546813 0.228580 0.634285  -0.607730 -0.183628 1.146893  -0.622619 -0.391181 1.070743  -0.337344 -0.338018 0.982184  -0.564201 0.003761 0.756562  -0.562437 0.023643 0.552719  -0.611806 0.057944 0.253404  -0.640875 0.053918 0.053162  -0.582742 -0.142839 0.743360  -0.579690 -0.127077 0.539024  -0.624339 -0.188240 0.243790  -0.648420 -0.175120 0.043356  
-0.515256 -0.027332 1.415012  -0.560073 -0.050448 1.214212  -0.585330 0.105069 1.182901  -0.606961 0.193463 0.981132  -0.538130 0.219290 0.633748  -0.608533 -0.187660 1.147131  -0.615738 -0.406936 1.116895  -0.336683 -0.343444 1.017613  -0.559909 0.003160 0.758178  -0.558689 0.023272 0.553782  -0.606809 0.057493 0.253842  -0.631871 0.051067 0.053081  -0.585652 -0.142392 0.744683  -0.581139 -0.126736 0.540839  -0.622618 -0.190793 0.245932  -0.653582 -0.174795 0.046701  
-0.512681 -0.028914 1.411575  -0.559218 -0.053123 1.211588  -0.583352 0.102315 1.179437  -0.606013 0.188447 0.976842  -0.540986 0.222667 0.628161  -0.606352 -0.190754 1.144260  -0.575986 -0.414557 1.148741  -0.307471 -0.340682 1.034327  -0.554762 -0.000609 0.755823  -0.557653 0.021658 0.551939  -0.609947 0.059669 0.253463  -0.639394 0.045620 0.053726  -0.589595 -0.144169 0.741503  -0.582523 -0.127849 0.537809  -0.614568 -0.190670 0.241575  -0.650384 -0.165559 0.044115  
-0.512137 -0.032839 1.414892  -0.560296 -0.056974 1.215076  -0.593694 0.096649 1.184264  -0.599521 0.190079 0.980136  -0.537528 0.207118 0.628880  -0.595287 -0.197164 1.146834  -0.501342 -0.399368 1.174863  -0.228175 -0.334549 1.064735  -0.558491 -0.000855 0.759087  -0.556924 0.020212 0.554141  -0.607050 0.060448 0.255164  -0.636525 0.052830 0.055027  -0.585449 -0.146045 0.744771  -0.582094 -0.129296 0.541524  -0.617607 -0.193263 0.246185  -0.645949 -0.178017 0.046562  
-0.510500 -0.027771 1.412052  -0.556052 -0.062947 1.213110  -0.591679 0.090279 1.184638  -0.600146 0.191328 0.984429  -0.541267 0.214497 0.632989  -0.587713 -0.203017 1.143049  -0.473957 -0.392300 1.176242  -0.191221 -0.331462 1.092667  -0.561426 -0.000445 0.757635  -0.558180 0.022748 0.553865  -0.612155 0.056509 0.254970  -0.638167 0.054403 0.054254  -0.584314 -0.146619 0.741513  -0.579129 -0.127097 0.537534  -0.620914 -0.190255 0.242335  -0.645783 -0.170964 0.042518  
-0.511606 -0.030714 1.411655  -0.551272 -0.061565 1.210727  -0.582802 0.090546 1.181781  -0.606078 0.195023 0.983574  -0.537870 0.214412 0.633596  -0.569191 -0.202992 1.140715  -0.404114 -0.350610 1.185323  -0.113418 -0.307702 1.105743  -0.561417 0.000497 0.755218  -0.565403 0.022465 0.551944  -0.605308 0.058124 0.252076  -0.637055 0.050499 0.052384  -0.573001 -0.146531 0.739303  -0.586948 -0.127245 0.535796  -0.627856 -0.190246 0.241104  -0.648367 -0.174567 0.040488  
-0.509679 -0.027285 1.413338  -0.545805 -0.056618 1.210952  -0.592704 0.092284 1.181976  -0.606813 0.195553 0.982949  -0.539507 0.213711 0.632731  -0.555066 -0.199401 1.141808  -0.377053 -0.329558 1.190571  -0.078727 -0.298728 1.128406  -0.562357 0.002784 0.754682  -0.557363 0.022971 0.549785  -0.607502 0.057107 0.249983  -0.636257 0.047769 0.049799  -0.580796 -0.143620 0.740476  -0.584074 -0.126383 0.536546  -0.620387 -0.195481 0.242041  -0.647625 -0.170790 0.043139  
-0.507464 -0.024807 1.411768  -0.547234 -0.059645 1.211816  -0.588594 0.087271 1.180177  -0.609333 0.188469 0.979540  -0.540263 0.210670 0.629898  -0.527697 -0.200983 1.141280  -0.324302 -0.277645 1.203315  -0.028865 -0.284171 1.151538  -0.554930 -0.002964 0.754685  -0.557893 0.018940 0.550567  -0.607555 0.056041 0.251293  -0.635885 0.043142 0.051288  -0.569371 -0.149879 0.740373  -0.583086 -0.130625 0.536923  -0.627499 -0.188458 0.240985  -0.650345 -0.171721 0.040694  
-0.507026 -0.029263 1.411211  -0.540735 -0.060562 1.209401  -0.586845 0.086258 1.178760  -0.612356 0.188994 0.980030  -0.534819 0.216168 0.632512  -0.514536 -0.201754 1.139244  -0.298159 -0.255727 1.192094  0.008139 -0.270682 1.162020  -0.552754 -0.003735 0.752754  -0.554533 0.017376 0.548578  -0.612000 0.052585 0.250607  -0.635600 0.048398 0.049772  -0.567600 -0.150524 0.738803  -0.578191 -0.132367 0.534815  -0.631229 -0.190367 0.240172  -0.647706 -0.176032 0.039046  
-0.501685 -0.026137 1.413514  -0.536290 -0.053766 1.211176  -0.590261 0.089407 1.179184  -0.621582 0.185118 0.979010  -0.534759 0.221888 0.634595  -0.495850 -0.192741 1.143494  -0.274858 -0.237503 1.186629  0.032159 -0.260534 1.176492  -0.546696 -0.002196 0.753988  -0.559131 0.015725 0.549364  -0.608950 0.056505 0.251234  -0.637557 0.045223 0.051141  -0.556552 -0.149773 0.742642  -0.585168 -0.134132 0.539225  -0.623169 -0.192068 0.242777  -0.648577 -0.171800 0.043072  
-0.495833 -0.023235 1.417781  -0.528798 -0.052884 1.214999  -0.588171 0.087621 1.182192  -0.621745 0.178152 0.978809  -0.539715 0.219858 0.633781  -0.491472 -0.192031 1.147166  -0.269300 -0.229293 1.186271  0.033055 -0.257705 1.175702  -0.543579 -0.003282 0.756808  -0.552729 0.013866 0.551151  -0.608309 0.055445 0.252757  -0.638615 0.047989 0.052634  -0.553073 -0.150970 0.746201  -0.576529 -0.136483 0.543106  -0.617472 -0.193271 0.246612  -0.642710 -0.176983 0.046575  
-0.498670 -0.024548 1.410776  -0.529151 -0.056852 1.208517  -0.591054 0.085840 1.179666  -0.624570 0.183682 0.980937  -0.544848 0.230908 0.636079  -0.477984 -0.189653 1.138872  -0.253677 -0.229888 1.181950  0.052876 -0.253001 1.189181  -0.547241 0.000768 0.753105  -0.548117 0.019708 0.549220  -0.608585 0.053812 0.251772  -0.640785 0.045802 0.052129  -0.554801 -0.146903 0.740779  -0.568525 -0.130776 0.536350  -0.624415 -0.191112 0.242468  -0.646794 -0.175195 0.041996  
-0.494821 -0.021639 1.411148  -0.526653 -0.054065 1.209156  -0.588827 0.086735 1.177954  -0.627719 0.186668 0.980488  -0.550152 0.237062 0.635588  -0.481310 -0.191529 1.140928  -0.259023 -0.233870 1.178619  0.048062 -0.252952 1.185053  -0.540010 -0.001722 0.752966  -0.558005 0.017788 0.549150  -0.609132 0.057707 0.250708  -0.636459 0.047548 0.050381  -0.551967 -0.149073 0.741271  -0.574045 -0.132948 0.537663  -0.624812 -0.186451 0.242189  -0.647581 -0.173013 0.041615  
-0.491497 -0.018436 1.410196  -0.525923 -0.055491 1.209515  -0.589503 0.084622 1.179404  -0.626289 0.182404 0.980412  -0.552971 0.234123 0.634779  -0.481015 -0.190929 1.141098  -0.256645 -0.229313 1.182239  0.053644 -0.256598 1.196489  -0.542082 0.000814 0.753471  -0.550512 0.020298 0.549204  -0.609678 0.056554 0.251716  -0.637711 0.047624 0.051437  -0.550496 -0.146871 0.741077  -0.566737 -0.130515 0.537186  -0.622353 -0.189533 0.243477  -0.643648 -0.175207 0.042810  
-0.493715 -0.021517 1.414046  -0.524903 -0.056447 1.210761  -0.585349 0.084685 1.180288  -0.624242 0.186690 0.984488  -0.558513 0.234259 0.636717  -0.468406 -0.187658 1.140746  -0.245388 -0.226875 1.177631  0.060771 -0.256987 1.195653  -0.539099 -0.000481 0.753814  -0.549624 0.018090 0.549652  -0.609535 0.055770 0.252023  -0.638719 0.045040 0.051966  -0.548230 -0.148063 0.742396  -0.566506 -0.132540 0.538666  -0.621589 -0.190976 0.244521  -0.644418 -0.171104 0.044495  
-0.487929 -0.020070 1.415067  -0.525342 -0.056179 1.214741  -0.583775 0.084190 1.183076  -0.627141 0.178606 0.983738  -0.562573 0.237391 0.637490  -0.481825 -0.190904 1.146082  -0.259652 -0.228558 1.185692  0.055494 -0.257945 1.202003  -0.535555 -0.002242 0.757841  -0.548270 0.018405 0.555388  -0.605132 0.057083 0.257948  -0.636195 0.046075 0.058287  -0.554569 -0.149300 0.745816  -0.566129 -0.132016 0.541130  -0.619153 -0.187288 0.245522  -0.646060 -0.174825 0.045332  
-0.484697 -0.018094 1.411574  -0.522564 -0.055472 1.212076  -0.584322 0.086285 1.181286  -0.625366 0.183248 0.982833  -0.558684 0.245159 0.637531  -0.473711 -0.190615 1.142429  -0.253892 -0.233114 1.183612  0.052927 -0.257970 1.200100  -0.533888 -0.000181 0.756465  -0.546409 0.020187 0.553431  -0.600251 0.055488 0.255051  -0.631056 0.046595 0.055242  -0.559254 -0.147082 0.744720  -0.564352 -0.130148 0.540358  -0.618349 -0.191333 0.246676  -0.645206 -0.176643 0.046706  
-0.487430 -0.024055 1.411187  -0.522693 -0.055222 1.209899  -0.581499 0.085341 1.179969  -0.626577 0.186092 0.984952  -0.559933 0.240917 0.638448  -0.466741 -0.188482 1.140191  -0.249681 -0.234669 1.186095  0.057225 -0.261682 1.200350  -0.532783 0.001645 0.753786  -0.551079 0.020444 0.550695  -0.608522 0.055031 0.253233  -0.633989 0.051459 0.052499  -0.548731 -0.145474 0.742826  -0.567765 -0.129891 0.539071  -0.622294 -0.189421 0.245344  -0.647655 -0.171222 0.045466  
-0.483504 -0.022165 1.410451  -0.520295 -0.056017 1.209305  -0.581141 0.084278 1.180127  -0.628825 0.193441 0.990233  -0.576427 0.243956 0.640640  -0.473822 -0.191188 1.139157  -0.255249 -0.236484 1.192830  0.052054 -0.263497 1.196962  -0.534950 0.002273 0.753172  -0.547265 0.022529 0.549350  -0.609773 0.057479 0.252021  -0.634841 0.047437 0.051385  -0.550387 -0.144753 0.741017  -0.564211 -0.128202 0.537025  -0.621058 -0.190530 0.243966  -0.641415 -0.177502 0.043104  
-0.484309 -0.021275 1.408995  -0.520589 -0.061329 1.208759  -0.579400 0.080076 1.180971  -0.628067 0.192031 0.992900  -0.565167 0.234920 0.644021  -0.475040 -0.196095 1.138627  -0.254089 -0.239611 1.186984  0.054380 -0.270808 1.191804  -0.537181 0.000290 0.753280  -0.551476 0.021592 0.549122  -0.606495 0.056000 0.249950  -0.637465 0.042852 0.050274  -0.550634 -0.147188 0.740200  -0.568289 -0.129070 0.536666  -0.621434 -0.187507 0.242055  -0.646246 -0.175753 0.041608  
-0.483738 -0.019054 1.409908  -0.526630 -0.055439 1.210787  -0.583684 0.087338 1.179708  -0.625847 0.193267 0.986422  -0.563015 0.235671 0.637471  -0.478180 -0.189321 1.140943  -0.254824 -0.233015 1.191426  0.052016 -0.268928 1.194861  -0.535279 0.001177 0.753363  -0.549468 0.020361 0.549233  -0.605102 0.057615 0.250721  -0.634340 0.047931 0.050606  -0.555510 -0.145779 0.742511  -0.564974 -0.130386 0.538569  -0.619151 -0.191777 0.245128  -0.649734 -0.177210 0.045724  
-0.487742 -0.023206 1.407837  -0.529154 -0.066795 1.208852  -0.577311 0.078347 1.182219  -0.622917 0.188283 0.993641  -0.569530 0.238792 0.644197  -0.468507 -0.195188 1.135104  -0.252929 -0.240091 1.189231  0.052234 -0.268166 1.194051  -0.538343 0.001348 0.753497  -0.549667 0.022918 0.550251  -0.607886 0.059777 0.252759  -0.640626 0.047385 0.053438  -0.556490 -0.145316 0.740405  -0.568077 -0.127737 0.536387  -0.625928 -0.191624 0.243867  -0.653470 -0.175095 0.044124  
-0.485793 -0.021780 1.408445  -0.522961 -0.064284 1.209903  -0.578353 0.076651 1.182885  -0.621150 0.187322 0.993655  -0.567945 0.236509 0.643994  -0.471941 -0.198102 1.137102  -0.250850 -0.236291 1.186667  0.054135 -0.267310 1.199740  -0.536025 0.000161 0.754353  -0.545766 0.021750 0.551237  -0.604102 0.060054 0.253999  -0.642510 0.044853 0.055884  -0.558299 -0.146519 0.741478  -0.566481 -0.128351 0.537078  -0.624698 -0.188466 0.243787  -0.641030 -0.174060 0.042642  
-0.486794 -0.023224 1.410297  -0.518642 -0.058507 1.208652  -0.579257 0.081068 1.181532  -0.618394 0.186480 0.991006  -0.558855 0.240910 0.643824  -0.473234 -0.194629 1.138023  -0.253832 -0.240343 1.188034  0.051849 -0.272720 1.199872  -0.534157 -0.000063 0.752636  -0.549772 0.019610 0.548545  -0.607966 0.057174 0.250333  -0.638129 0.045895 0.050416  -0.558376 -0.146077 0.741887  -0.571055 -0.130533 0.537849  -0.615553 -0.192518 0.242668  -0.644592 -0.172802 0.043437  
-0.488437 -0.021359 1.405624  -0.527478 -0.063850 1.206175  -0.579814 0.080715 1.180045  -0.625914 0.192814 0.993591  -0.565581 0.241038 0.644955  -0.473598 -0.196663 1.133926  -0.257329 -0.245920 1.187959  0.049440 -0.272797 1.197395  -0.536848 0.001269 0.750586  -0.549790 0.020944 0.545764  -0.606595 0.057627 0.247066  -0.637666 0.046492 0.047265  -0.572997 -0.144984 0.739851  -0.567347 -0.129596 0.535530  -0.618909 -0.189626 0.241423  -0.645087 -0.170183 0.041821  
-0.492621 -0.029788 1.412811  -0.525699 -0.066735 1.211394  -0.580222 0.076434 1.184088  -0.625480 0.189327 0.995842  -0.559474 0.242029 0.648885  -0.474519 -0.199068 1.138276  -0.255662 -0.241215 1.185000  0.050588 -0.275954 1.203994  -0.535524 -0.000756 0.755941  -0.559060 0.021538 0.552500  -0.604937 0.055664 0.253553  -0.632543 0.050216 0.053112  -0.556380 -0.147146 0.742942  -0.580758 -0.128399 0.539650  -0.620706 -0.190654 0.245240  -0.647698 -0.176033 0.045316  
-0.484237 -0.025613 1.410831  -0.516591 -0.068975 1.211625  -0.578819 0.074269 1.185185  -0.628273 0.185129 0.995457  -0.560207 0.235293 0.648522  -0.470235 -0.202446 1.137563  -0.250911 -0.248774 1.185868  0.055459 -0.274683 1.204879  -0.535109 -0.004299 0.757438  -0.549054 0.018317 0.553878  -0.608751 0.059110 0.257199  -0.633778 0.048947 0.056610  -0.564525 -0.149744 0.744558  -0.566805 -0.132039 0.540630  -0.613564 -0.192369 0.245977  -0.647069 -0.173361 0.047437  
-0.491368 -0.028376 1.407518  -0.529638 -0.071719 1.207961  -0.577303 0.075239 1.182706  -0.616704 0.187234 0.995617  -0.563464 0.232122 0.645384  -0.472105 -0.201042 1.135065  -0.253631 -0.245937 1.185406  0.052899 -0.275847 1.203326  -0.537968 -0.001595 0.753580  -0.552280 0.020531 0.549554  -0.609583 0.054995 0.251001  -0.636852 0.048016 0.050505  -0.560603 -0.147456 0.740592  -0.569515 -0.129703 0.536775  -0.623303 -0.188992 0.242769  -0.645449 -0.169615 0.042651  
-0.485412 -0.027908 1.410313  -0.522109 -0.063742 1.209285  -0.582164 0.077886 1.182741  -0.630788 0.186899 0.992923  -0.562899 0.233259 0.645426  -0.477190 -0.199337 1.137963  -0.257944 -0.245944 1.185506  0.044111 -0.274304 1.205884  -0.539285 -0.000475 0.754111  -0.549578 0.019990 0.549264  -0.611576 0.060370 0.252116  -0.638583 0.048270 0.051766  -0.562269 -0.146623 0.742016  -0.565907 -0.130793 0.537990  -0.623941 -0.193735 0.245790  -0.645501 -0.174947 0.045564  
-0.493575 -0.033454 1.408441  -0.531122 -0.071651 1.208107  -0.581501 0.074794 1.181363  -0.624124 0.191713 0.994844  -0.564535 0.245473 0.646891  -0.476951 -0.201094 1.136453  -0.260654 -0.255013 1.185101  0.047939 -0.286985 1.202594  -0.541847 -0.003889 0.752901  -0.565260 0.017796 0.550938  -0.609206 0.057421 0.251567  -0.639515 0.048055 0.051728  -0.557858 -0.151266 0.740119  -0.580957 -0.132321 0.538162  -0.620168 -0.189424 0.241804  -0.648956 -0.177376 0.042013  
-0.489492 -0.025856 1.411396  -0.529476 -0.067402 1.212993  -0.583642 0.076881 1.185843  -0.626202 0.182169 0.991182  -0.559676 0.235830 0.644469  -0.469864 -0.197364 1.139290  -0.254163 -0.253125 1.185095  0.050062 -0.293927 1.199414  -0.543935 0.000079 0.758380  -0.548896 0.022546 0.554611  -0.607365 0.054172 0.256399  -0.639348 0.046830 0.056681  -0.552619 -0.147217 0.743496  -0.572067 -0.127236 0.540535  -0.619464 -0.190405 0.246175  -0.650621 -0.172541 0.047108  
-0.489273 -0.023557 1.409438  -0.521687 -0.062806 1.209413  -0.578964 0.077397 1.181423  -0.626319 0.186194 0.991989  -0.563387 0.237943 0.644319  -0.479676 -0.200681 1.138095  -0.262705 -0.254856 1.189681  0.042506 -0.292401 1.199673  -0.536495 -0.001640 0.753649  -0.555901 0.020202 0.549929  -0.610848 0.057689 0.251935  -0.636849 0.046806 0.051463  -0.556639 -0.148107 0.740933  -0.573684 -0.130104 0.537380  -0.619322 -0.188103 0.241930  -0.645805 -0.177271 0.041677  
-0.492618 -0.031454 1.409196  -0.522280 -0.064749 1.206912  -0.579990 0.077047 1.179905  -0.626835 0.185548 0.989134  -0.556231 0.241015 0.643517  -0.478297 -0.200184 1.135513  -0.265457 -0.258597 1.188004  0.041961 -0.293815 1.195218  -0.541718 -0.001794 0.751745  -0.550408 0.019001 0.547556  -0.607803 0.056516 0.249550  -0.637166 0.045916 0.049534  -0.557560 -0.148825 0.738817  -0.571639 -0.131223 0.535441  -0.625407 -0.191575 0.241738  -0.645726 -0.171085 0.041549  
-0.495529 -0.027623 1.412308  -0.534308 -0.066037 1.212123  -0.576549 0.080887 1.183204  -0.622998 0.188561 0.991162  -0.560358 0.240537 0.643468  -0.485813 -0.199844 1.139979  -0.267721 -0.255934 1.189218  0.037996 -0.289999 1.201808  -0.539593 -0.002117 0.756324  -0.547200 0.019204 0.552797  -0.607986 0.054745 0.255511  -0.634859 0.048276 0.055015  -0.564522 -0.148137 0.743596  -0.571691 -0.130329 0.539476  -0.617696 -0.195356 0.245325  -0.641533 -0.171204 0.045914  
-0.494489 -0.034351 1.414314  -0.532749 -0.068659 1.212799  -0.581588 0.076540 1.183650  -0.624892 0.189500 0.993850  -0.564010 0.234274 0.644849  -0.482116 -0.202450 1.141504  -0.266056 -0.259537 1.194712  0.037284 -0.296423 1.197048  -0.537941 -0.005789 0.756585  -0.546859 0.017219 0.553443  -0.609457 0.056731 0.256800  -0.636900 0.051503 0.056307  -0.558981 -0.152018 0.742665  -0.571343 -0.132066 0.538161  -0.627119 -0.187631 0.243087  -0.646656 -0.174797 0.042064  
-0.497158 -0.029959 1.412463  -0.528760 -0.067492 1.211658  -0.581001 0.075833 1.182884  -0.624619 0.187097 0.992515  -0.560966 0.239357 0.645053  -0.482144 -0.203667 1.138378  -0.264532 -0.256946 1.187055  0.041616 -0.295817 1.200374  -0.540969 -0.003890 0.755875  -0.547870 0.019361 0.552750  -0.609285 0.058342 0.256112  -0.638951 0.045828 0.056309  -0.559744 -0.150326 0.741352  -0.566858 -0.130984 0.537363  -0.625112 -0.191485 0.244267  -0.644824 -0.173948 0.043695  
-0.493421 -0.027101 1.408872  -0.523137 -0.067904 1.207780  -0.579090 0.075450 1.180666  -0.626563 0.188755 0.993368  -0.556123 0.241467 0.647286  -0.478697 -0.202921 1.135822  -0.266695 -0.261572 1.194063  0.040146 -0.300482 1.196285  -0.539679 -0.004105 0.752707  -0.552162 0.017581 0.548474  -0.612372 0.056205 0.251326  -0.636818 0.046369 0.050601  -0.570617 -0.151077 0.740082  -0.571435 -0.132394 0.535889  -0.624719 -0.194638 0.242493  -0.648931 -0.180038 0.042203  
-0.489943 -0.031449 1.405019  -0.525171 -0.062762 1.204023  -0.580452 0.081175 1.176349  -0.629781 0.193763 0.989252  -0.554415 0.235199 0.642676  -0.484687 -0.198995 1.133328  -0.273526 -0.262040 1.193292  0.028950 -0.299558 1.197402  -0.543319 -0.001619 0.749089  -0.560972 0.018474 0.545461  -0.611195 0.057508 0.247663  -0.640259 0.047599 0.047633  -0.562620 -0.148502 0.737245  -0.579093 -0.132324 0.533268  -0.622802 -0.193740 0.238993  -0.648133 -0.172329 0.039463  
-0.490722 -0.032358 1.411735  -0.528369 -0.062600 1.210143  -0.591000 0.081230 1.181395  -0.623271 0.186055 0.986055  -0.554502 0.234447 0.638995  -0.482393 -0.197941 1.139249  -0.272083 -0.264068 1.194684  0.034089 -0.306436 1.189435  -0.547915 -0.004035 0.754394  -0.549409 0.015528 0.550247  -0.608622 0.055136 0.252986  -0.639608 0.049135 0.053042  -0.561544 -0.151157 0.741644  -0.575235 -0.133785 0.537451  -0.624610 -0.192390 0.242132  -0.645429 -0.175448 0.041588  
-0.496196 -0.029376 1.413018  -0.531215 -0.066142 1.211308  -0.588620 0.077867 1.184114  -0.621545 0.192799 0.995058  -0.562716 0.236788 0.645606  -0.484615 -0.200863 1.137660  -0.276031 -0.268138 1.198215  0.030613 -0.302714 1.189088  -0.546036 -0.000233 0.755461  -0.547657 0.021459 0.551318  -0.609088 0.054997 0.253777  -0.633080 0.049740 0.052856  -0.562159 -0.146874 0.741152  -0.574067 -0.127740 0.537424  -0.624667 -0.195903 0.244651  -0.650212 -0.174209 0.045155  
-0.495567 -0.031100 1.410175  -0.529443 -0.069273 1.209770  -0.576778 0.076311 1.182611  -0.613373 0.193768 0.995154  -0.559638 0.231413 0.644144  -0.497706 -0.207587 1.138125  -0.288596 -0.275426 1.194019  0.020760 -0.302067 1.191614  -0.540480 -0.004638 0.754683  -0.549475 0.018918 0.551797  -0.605383 0.060321 0.254457  -0.640262 0.048201 0.055477  -0.565554 -0.150182 0.740456  -0.576329 -0.130334 0.536251  -0.623983 -0.186848 0.240108  -0.647775 -0.175475 0.039482  
-0.494990 -0.032624 1.405751  -0.530009 -0.069871 1.205227  -0.575374 0.076011 1.179528  -0.617452 0.191699 0.994226  -0.563113 0.233971 0.643836  -0.498170 -0.207860 1.133065  -0.292161 -0.285302 1.187462  0.012850 -0.309295 1.187880  -0.541921 -0.002167 0.750844  -0.551740 0.020120 0.547744  -0.611890 0.060540 0.251161  -0.633271 0.053483 0.050057  -0.562908 -0.148337 0.736475  -0.577982 -0.129064 0.533185  -0.627526 -0.189295 0.238520  -0.647235 -0.178876 0.037466  
-0.496155 -0.029136 1.409582  -0.533362 -0.059321 1.207938  -0.576214 0.086811 1.179619  -0.613301 0.193474 0.988357  -0.553885 0.231902 0.638339  -0.517694 -0.200585 1.138459  -0.318426 -0.291480 1.190088  -0.011690 -0.316052 1.172662  -0.540914 0.000413 0.751753  -0.549055 0.020443 0.547593  -0.607103 0.061011 0.250203  -0.637838 0.047747 0.050566  -0.568146 -0.144976 0.739603  -0.575939 -0.129083 0.535597  -0.625133 -0.194576 0.242038  -0.649021 -0.173698 0.042260  
-0.495494 -0.026411 1.409139  -0.527558 -0.061560 1.207092  -0.576651 0.083514 1.180019  -0.613613 0.194419 0.990008  -0.549843 0.243587 0.642117  -0.512664 -0.203295 1.135989  -0.314796 -0.303205 1.181235  -0.011075 -0.321343 1.158518  -0.541532 0.000875 0.751260  -0.555119 0.023162 0.548010  -0.606765 0.057759 0.249063  -0.637150 0.049092 0.049147  -0.565170 -0.144851 0.737429  -0.582609 -0.125851 0.533841  -0.623845 -0.190658 0.238946  -0.646646 -0.174720 0.038554  
-0.496740 -0.019153 1.409830  -0.538998 -0.043436 1.207873  -0.579585 0.103844 1.178193  -0.616156 0.200424 0.982799  -0.548415 0.245077 0.636889  -0.541472 -0.187541 1.141406  -0.346663 -0.288426 1.183721  -0.047634 -0.330132 1.147530  -0.549291 0.008426 0.750680  -0.548327 0.024791 0.544944  -0.610411 0.056778 0.246857  -0.635560 0.047690 0.046136  -0.564354 -0.138678 0.739357  -0.573760 -0.124971 0.535513  -0.624099 -0.191989 0.242629  -0.644820 -0.177836 0.041931  
-0.492009 -0.022163 1.409009  -0.535123 -0.045436 1.208080  -0.581281 0.103867 1.179567  -0.616153 0.197016 0.982132  -0.544370 0.237496 0.634683  -0.545739 -0.188483 1.140148  -0.356581 -0.300485 1.186765  -0.063795 -0.345456 1.132810  -0.551118 0.011763 0.751947  -0.546160 0.028091 0.546902  -0.609941 0.058813 0.249418  -0.643288 0.050125 0.049937  -0.556043 -0.135990 0.738641  -0.572585 -0.120960 0.535491  -0.623241 -0.188528 0.242822  -0.646157 -0.178733 0.042108  
-0.495171 -0.024723 1.410301  -0.532933 -0.043907 1.207449  -0.582982 0.105184 1.178467  -0.615385 0.204575 0.981715  -0.544932 0.234107 0.632893  -0.553373 -0.186990 1.139717  -0.385534 -0.326674 1.192238  -0.091779 -0.353605 1.112504  -0.553080 0.012659 0.752083  -0.546054 0.030247 0.548155  -0.605493 0.055961 0.249661  -0.635520 0.049342 0.049630  -0.556160 -0.135022 0.737557  -0.575604 -0.117909 0.534606  -0.626384 -0.186317 0.242043  -0.649021 -0.173857 0.041428  
-0.502728 -0.023338 1.407270  -0.544767 -0.044323 1.205474  -0.566956 0.106806 1.175727  -0.607809 0.207066 0.982381  -0.548339 0.245275 0.632948  -0.553627 -0.186769 1.136644  -0.396762 -0.332163 1.186748  -0.104801 -0.364449 1.089808  -0.545033 0.013549 0.748908  -0.549993 0.031706 0.545480  -0.605092 0.060281 0.246596  -0.636136 0.049508 0.046928  -0.563422 -0.132992 0.735494  -0.577040 -0.117031 0.532545  -0.626420 -0.193204 0.242021  -0.649069 -0.175604 0.041846  
-0.491607 -0.022267 1.409635  -0.535938 -0.045303 1.208448  -0.577763 0.105676 1.180846  -0.604067 0.203412 0.984075  -0.540695 0.240182 0.634671  -0.555139 -0.187039 1.140068  -0.426805 -0.358798 1.192533  -0.139632 -0.368546 1.085853  -0.548603 0.015406 0.752601  -0.546507 0.031955 0.547949  -0.607287 0.060167 0.249638  -0.636318 0.049235 0.049599  -0.564489 -0.131447 0.739088  -0.578492 -0.115578 0.535862  -0.622653 -0.191155 0.244170  -0.647534 -0.167105 0.044906  
-0.497572 -0.020370 1.408834  -0.541111 -0.047805 1.207579  -0.572376 0.104526 1.178474  -0.594832 0.203446 0.981778  -0.536328 0.235113 0.630849  -0.557836 -0.189135 1.137911  -0.433657 -0.370105 1.166283  -0.147078 -0.357024 1.072631  -0.543986 0.010734 0.750831  -0.546834 0.031238 0.546456  -0.607624 0.061693 0.248444  -0.638333 0.046657 0.048933  -0.567663 -0.134682 0.736582  -0.577491 -0.117109 0.533202  -0.624553 -0.194020 0.242307  -0.645318 -0.171084 0.042440  
-0.496459 -0.017230 1.406460  -0.538524 -0.047137 1.205787  -0.566633 0.104682 1.175984  -0.589119 0.219427 0.985867  -0.535110 0.236494 0.633299  -0.557436 -0.188921 1.136998  -0.455756 -0.385641 1.148084  -0.169265 -0.360622 1.058740  -0.541715 0.011073 0.749380  -0.545864 0.031414 0.544935  -0.609073 0.062076 0.247442  -0.635072 0.048488 0.047159  -0.572951 -0.133355 0.735885  -0.576063 -0.116867 0.532394  -0.628645 -0.182170 0.239720  -0.645204 -0.175946 0.038264  
-0.492161 -0.021825 1.409425  -0.531926 -0.047079 1.207743  -0.567754 0.104974 1.176724  -0.591266 0.209934 0.982604  -0.535029 0.240670 0.631313  -0.558196 -0.188662 1.139843  -0.477389 -0.394741 1.139118  -0.189303 -0.356752 1.053161  -0.533533 0.008251 0.751500  -0.547275 0.030164 0.548265  -0.604346 0.057973 0.249608  -0.633295 0.050670 0.049436  -0.572822 -0.134284 0.738538  -0.577300 -0.117936 0.534909  -0.627373 -0.187232 0.242747  -0.647284 -0.173256 0.041973  
-0.495594 -0.021357 1.409723  -0.536687 -0.046630 1.207663  -0.569245 0.106491 1.176659  -0.589039 0.212606 0.981901  -0.532988 0.237988 0.630153  -0.568192 -0.187274 1.140053  -0.503459 -0.397938 1.119942  -0.220437 -0.355955 1.029839  -0.540974 0.007882 0.750798  -0.544090 0.028632 0.546331  -0.604833 0.059115 0.248193  -0.638507 0.050224 0.048766  -0.576925 -0.135373 0.737613  -0.574481 -0.119968 0.533265  -0.626190 -0.188467 0.240743  -0.651758 -0.170614 0.040864  
-0.489936 -0.019433 1.406835  -0.534442 -0.038472 1.205555  -0.566113 0.114892 1.174229  -0.591597 0.215993 0.978521  -0.531107 0.241551 0.627360  -0.570077 -0.179297 1.139730  -0.529107 -0.395252 1.112332  -0.245680 -0.357904 1.012755  -0.541329 0.013456 0.748976  -0.548259 0.032117 0.544730  -0.607097 0.060642 0.246218  -0.635573 0.049186 0.046144  -0.573119 -0.131522 0.737368  -0.577851 -0.116605 0.533317  -0.621642 -0.187881 0.240529  -0.646986 -0.170376 0.040633  
-0.493380 -0.015383 1.414927  -0.533672 -0.034731 1.211726  -0.563496 0.119731 1.177998  -0.594146 0.213934 0.978235  -0.525261 0.244975 0.629231  -0.575758 -0.174295 1.146811  -0.579407 -0.395797 1.102145  -0.293227 -0.368684 0.992722  -0.534681 0.012089 0.754249  -0.542652 0.030149 0.549583  -0.601398 0.059019 0.250960  -0.634156 0.047824 0.051503  -0.571358 -0.130717 0.743617  -0.577030 -0.117679 0.539535  -0.617872 -0.191247 0.246909  -0.647173 -0.172616 0.047653  
-0.492775 -0.020425 1.413202  -0.536926 -0.043273 1.211612  -0.565538 0.111867 1.179251  -0.587405 0.215722 0.981468  -0.525617 0.239067 0.630541  -0.581724 -0.181830 1.144465  -0.605727 -0.389756 1.070121  -0.313497 -0.355363 0.981622  -0.535741 0.009731 0.754901  -0.543456 0.032004 0.550297  -0.604625 0.060309 0.251931  -0.633621 0.052884 0.051706  -0.575478 -0.132971 0.741712  -0.572386 -0.116890 0.537493  -0.621264 -0.189505 0.245659  -0.647622 -0.173570 0.045751  
-0.490445 -0.014254 1.405336  -0.538094 -0.049127 1.206848  -0.563288 0.106408 1.176486  -0.588914 0.213620 0.981416  -0.524944 0.236628 0.630858  -0.581686 -0.187134 1.138423  -0.627076 -0.375491 1.021775  -0.339694 -0.375104 0.934315  -0.539762 0.007726 0.751476  -0.545267 0.031698 0.548149  -0.600478 0.063240 0.249518  -0.637199 0.051032 0.050889  -0.572975 -0.135801 0.736226  -0.572237 -0.117374 0.532411  -0.629952 -0.187957 0.241649  -0.647298 -0.171655 0.040779  
-0.490521 -0.012727 1.404277  -0.538018 -0.050702 1.206898  -0.559063 0.105480 1.175284  -0.589568 0.214996 0.981961  -0.529326 0.233458 0.630474  -0.587329 -0.186875 1.139022  -0.638688 -0.362165 1.005983  -0.363742 -0.379863 0.885854  -0.530717 0.004292 0.751703  -0.541108 0.028491 0.547354  -0.601112 0.058452 0.249148  -0.636073 0.049791 0.049964  -0.576504 -0.135535 0.737220  -0.569721 -0.120132 0.534120  -0.621696 -0.183467 0.241180  -0.648757 -0.171582 0.041165  
-0.492424 -0.019358 1.406066  -0.538816 -0.059426 1.208259  -0.560873 0.097199 1.179402  -0.590441 0.205262 0.984788  -0.525342 0.228550 0.634456  -0.592600 -0.195065 1.138584  -0.649947 -0.358435 0.995400  -0.407116 -0.413308 0.826818  -0.535144 0.004101 0.753412  -0.541227 0.030621 0.549339  -0.602681 0.063415 0.251647  -0.638181 0.052267 0.052669  -0.578755 -0.137162 0.736834  -0.570722 -0.117704 0.533583  -0.619859 -0.186507 0.241224  -0.646372 -0.166208 0.041786  
-0.488799 -0.020181 1.408025  -0.537919 -0.058147 1.210132  -0.567464 0.098557 1.182653  -0.585686 0.210675 0.990231  -0.532194 0.237108 0.638162  -0.591422 -0.192980 1.140236  -0.651286 -0.349577 0.989679  -0.454034 -0.431300 0.775093  -0.540003 0.006544 0.755484  -0.543448 0.031776 0.551390  -0.599664 0.062696 0.252417  -0.634104 0.052628 0.053170  -0.580112 -0.135313 0.738792  -0.571200 -0.117035 0.535186  -0.624197 -0.187987 0.243725  -0.644373 -0.175182 0.042866  
-0.493445 -0.021003 1.411932  -0.540258 -0.052416 1.212740  -0.566552 0.103769 1.182969  -0.584264 0.208527 0.985965  -0.530959 0.230104 0.633537  -0.592324 -0.189332 1.144454  -0.643085 -0.341634 0.989484  -0.493570 -0.443035 0.749605  -0.539322 0.006367 0.757634  -0.543527 0.030273 0.554277  -0.601340 0.059988 0.256190  -0.633213 0.053263 0.056469  -0.574129 -0.136504 0.741810  -0.573480 -0.117936 0.537960  -0.621338 -0.186446 0.245187  -0.648117 -0.166159 0.045725  
-0.493381 -0.023861 1.405452  -0.539729 -0.056149 1.206258  -0.564209 0.101471 1.178475  -0.586758 0.213105 0.984888  -0.530824 0.228808 0.632556  -0.599718 -0.189207 1.137877  -0.647755 -0.336884 0.974651  -0.546754 -0.444130 0.705727  -0.537782 0.008838 0.752958  -0.545575 0.031453 0.548243  -0.602373 0.061305 0.249282  -0.635472 0.048372 0.049993  -0.577736 -0.133598 0.738728  -0.570492 -0.117894 0.535940  -0.620518 -0.192406 0.245549  -0.651401 -0.166844 0.047412  
-0.495879 -0.021041 1.410150  -0.541956 -0.050923 1.210124  -0.563252 0.105530 1.179788  -0.591894 0.215526 0.985799  -0.532949 0.237714 0.634308  -0.592483 -0.186656 1.141021  -0.641800 -0.323554 0.968820  -0.577101 -0.445098 0.694226  -0.536275 0.008298 0.754662  -0.544269 0.032436 0.550876  -0.605254 0.061680 0.253100  -0.634458 0.054343 0.052960  -0.574870 -0.134688 0.739443  -0.573340 -0.115996 0.535793  -0.621800 -0.185637 0.243547  -0.646262 -0.174409 0.043106  
-0.495210 -0.016931 1.408622  -0.541460 -0.048622 1.209358  -0.566148 0.107791 1.179572  -0.594198 0.212452 0.986603  -0.536715 0.240167 0.635508  -0.595200 -0.184221 1.141335  -0.640642 -0.312611 0.964534  -0.593483 -0.436986 0.687647  -0.543563 0.008844 0.754362  -0.543821 0.032170 0.551228  -0.600372 0.058475 0.252395  -0.632591 0.046762 0.052964  -0.577283 -0.134980 0.738781  -0.570614 -0.116817 0.534816  -0.618911 -0.187454 0.242246  -0.648093 -0.172947 0.042599  
-0.499508 -0.020344 1.409066  -0.546609 -0.052352 1.209515  -0.578382 0.103065 1.180977  -0.593307 0.210378 0.986189  -0.540083 0.232774 0.633800  -0.591694 -0.189183 1.140053  -0.647406 -0.315433 0.962412  -0.632624 -0.435743 0.680156  -0.544342 0.011419 0.754080  -0.543738 0.032488 0.548929  -0.605471 0.058139 0.250227  -0.635208 0.047942 0.050200  -0.572234 -0.133472 0.739112  -0.570045 -0.116241 0.535886  -0.621005 -0.186957 0.244344  -0.647752 -0.171485 0.044512  
-0.499819 -0.021412 1.406673  -0.543759 -0.051975 1.206443  -0.563336 0.104039 1.175775  -0.595736 0.209390 0.982057  -0.533060 0.237019 0.631723  -0.589065 -0.188215 1.136897  -0.647054 -0.317576 0.962276  -0.640121 -0.438503 0.679985  -0.534736 0.006637 0.750484  -0.544530 0.030745 0.547046  -0.605820 0.061137 0.249587  -0.635168 0.050420 0.049616  -0.578123 -0.134459 0.735283  -0.574560 -0.117322 0.531620  -0.623482 -0.186774 0.239379  -0.648972 -0.171691 0.039307  
-0.495095 -0.022665 1.408962  -0.544722 -0.060118 1.211331  -0.574828 0.096995 1.183664  -0.590877 0.203804 0.988863  -0.539339 0.235461 0.636934  -0.600916 -0.194364 1.141029  -0.644633 -0.313804 0.955412  -0.641276 -0.427552 0.670089  -0.544472 0.003603 0.756876  -0.543386 0.029438 0.553828  -0.596417 0.062222 0.254766  -0.634452 0.051379 0.056278  -0.576202 -0.140310 0.739312  -0.575433 -0.118347 0.535381  -0.620809 -0.185580 0.241356  -0.645778 -0.169372 0.041239  
-0.502445 -0.021179 1.407570  -0.551269 -0.064675 1.210823  -0.565486 0.092778 1.182016  -0.592606 0.199798 0.985554  -0.540969 0.233807 0.633843  -0.604195 -0.197680 1.138729  -0.643985 -0.312254 0.948778  -0.641332 -0.424796 0.662967  -0.534515 0.000326 0.756649  -0.543084 0.029553 0.553301  -0.603024 0.060988 0.255304  -0.634871 0.053754 0.055553  -0.582640 -0.138835 0.738293  -0.571211 -0.118775 0.535472  -0.620770 -0.190877 0.244045  -0.646271 -0.165111 0.045116  
-0.501210 -0.022956 1.412127  -0.551663 -0.061863 1.214942  -0.569182 0.095396 1.185194  -0.591848 0.201153 0.988210  -0.536994 0.232082 0.636717  -0.604742 -0.195484 1.143731  -0.634433 -0.308948 0.951222  -0.637420 -0.419443 0.664616  -0.535312 0.000058 0.760428  -0.539836 0.027666 0.556507  -0.596071 0.060119 0.257754  -0.634052 0.048450 0.059265  -0.579707 -0.140469 0.742724  -0.572812 -0.119586 0.539821  -0.618978 -0.185683 0.246336  -0.647407 -0.173060 0.046528  
-0.501550 -0.025431 1.407702  -0.553883 -0.060470 1.210230  -0.577106 0.096412 1.182044  -0.600231 0.199708 0.985676  -0.535568 0.228798 0.635697  -0.600277 -0.195241 1.138109  -0.627137 -0.305529 0.943247  -0.630768 -0.409284 0.654140  -0.544153 0.005409 0.755656  -0.543401 0.030678 0.552740  -0.598569 0.057298 0.253630  -0.630239 0.051416 0.053849  -0.576822 -0.137838 0.737606  -0.574587 -0.116887 0.534123  -0.619023 -0.192173 0.242210  -0.649765 -0.172412 0.043264  
-0.506373 -0.026772 1.408629  -0.554373 -0.060496 1.209420  -0.572354 0.096789 1.180403  -0.602162 0.202902 0.986337  -0.533945 0.232691 0.637092  -0.603873 -0.194149 1.137292  -0.617592 -0.297482 0.937321  -0.614707 -0.407329 0.650463  -0.539265 0.004482 0.754088  -0.542522 0.030719 0.550447  -0.603611 0.059986 0.252307  -0.631201 0.051824 0.051935  -0.580129 -0.137111 0.736538  -0.570079 -0.117805 0.533229  -0.624318 -0.186724 0.241474  -0.651143 -0.171157 0.041604  
-0.496941 -0.024614 1.406809  -0.548885 -0.060452 1.209546  -0.578562 0.096879 1.181774  -0.604405 0.203859 0.986790  -0.537000 0.234835 0.637491  -0.610039 -0.195122 1.140449  -0.623542 -0.306648 0.944389  -0.616484 -0.411158 0.655615  -0.542234 0.003965 0.756100  -0.544574 0.029018 0.551345  -0.602607 0.058363 0.252517  -0.632962 0.051091 0.052497  -0.580725 -0.137960 0.739198  -0.571607 -0.119576 0.536078  -0.618635 -0.187266 0.243193  -0.643218 -0.170309 0.043210  
-0.498633 -0.021534 1.410456  -0.549035 -0.055490 1.211985  -0.584413 0.100274 1.182746  -0.610751 0.198967 0.984951  -0.540977 0.224853 0.635702  -0.595709 -0.192394 1.141967  -0.615235 -0.303102 0.946195  -0.611201 -0.408453 0.657670  -0.538851 0.005177 0.757687  -0.541248 0.029738 0.554354  -0.598211 0.058330 0.255582  -0.633914 0.046079 0.056743  -0.578905 -0.136184 0.740905  -0.570938 -0.118316 0.537178  -0.624432 -0.188108 0.245356  -0.649190 -0.172331 0.045215  
-0.502704 -0.025257 1.410986  -0.552306 -0.061019 1.212284  -0.577869 0.095613 1.184076  -0.606828 0.202843 0.990928  -0.545390 0.226507 0.639961  -0.600628 -0.195909 1.140770  -0.616034 -0.306019 0.944288  -0.611361 -0.408775 0.654837  -0.541132 0.005391 0.757055  -0.545114 0.030550 0.552493  -0.597045 0.057276 0.251976  -0.631550 0.046971 0.052714  -0.579889 -0.137080 0.740316  -0.573286 -0.117787 0.536910  -0.617503 -0.185345 0.243216  -0.646562 -0.176196 0.043272  
-0.505658 -0.021938 1.405959  -0.555705 -0.060963 1.208915  -0.574414 0.095063 1.180720  -0.604419 0.206833 0.992023  -0.549226 0.226940 0.639988  -0.600265 -0.196735 1.137884  -0.614318 -0.303523 0.940624  -0.596051 -0.416905 0.655720  -0.543105 0.003667 0.754171  -0.545620 0.027653 0.550733  -0.600878 0.061255 0.252276  -0.634737 0.053474 0.052883  -0.581465 -0.138715 0.737438  -0.577533 -0.120046 0.534065  -0.622724 -0.195051 0.242629  -0.649665 -0.169181 0.043871  
-0.502882 -0.023645 1.406754  -0.555389 -0.061804 1.210100  -0.577396 0.094113 1.179289  -0.607230 0.204017 0.988044  -0.548572 0.223622 0.636352  -0.599637 -0.198238 1.139111  -0.604150 -0.301191 0.940200  -0.593842 -0.406801 0.651929  -0.536851 -0.001535 0.754367  -0.544491 0.025856 0.550275  -0.602302 0.059196 0.251850  -0.631911 0.049515 0.051796  -0.586400 -0.140493 0.737451  -0.574778 -0.122430 0.533997  -0.622487 -0.187644 0.240492  -0.647977 -0.168897 0.040722  
-0.505454 -0.028159 1.406230  -0.559016 -0.060404 1.208519  -0.574949 0.096005 1.179870  -0.607618 0.204028 0.989535  -0.551195 0.230666 0.638306  -0.606409 -0.195484 1.136792  -0.608923 -0.305019 0.939432  -0.588021 -0.408356 0.650909  -0.540618 0.005061 0.753348  -0.549564 0.030489 0.550155  -0.597528 0.056766 0.249532  -0.640146 0.043838 0.052093  -0.578423 -0.137612 0.736515  -0.576873 -0.117717 0.533347  -0.623064 -0.191302 0.241670  -0.640254 -0.165128 0.041894  
-0.496797 -0.021791 1.404777  -0.555234 -0.059445 1.210188  -0.587112 0.095938 1.181003  -0.610850 0.208463 0.989311  -0.548702 0.220922 0.637893  -0.598129 -0.196842 1.139472  -0.609449 -0.304314 0.941624  -0.590618 -0.405540 0.652212  -0.550345 0.002827 0.755881  -0.548972 0.027832 0.552893  -0.605242 0.054890 0.254201  -0.636688 0.049495 0.054391  -0.577701 -0.141821 0.738320  -0.579444 -0.120016 0.535165  -0.618866 -0.194378 0.242580  -0.648940 -0.165817 0.044641  
-0.499992 -0.024979 1.404446  -0.553547 -0.061363 1.208326  -0.583794 0.093970 1.178995  -0.604894 0.205811 0.987750  -0.553973 0.223439 0.634750  -0.598728 -0.198599 1.138192  -0.613422 -0.306104 0.941875  -0.582589 -0.406437 0.653185  -0.544521 0.000245 0.753771  -0.547687 0.025915 0.550204  -0.603092 0.059594 0.251557  -0.637358 0.048636 0.052372  -0.578527 -0.143479 0.736891  -0.571626 -0.123467 0.533419  -0.624087 -0.190898 0.241037  -0.646816 -0.171259 0.041024  
-0.500794 -0.025112 1.406916  -0.555185 -0.061912 1.210732  -0.583976 0.093731 1.181520  -0.611747 0.197124 0.986047  -0.552563 0.227028 0.635169  -0.603953 -0.199320 1.140617  -0.610378 -0.304881 0.941243  -0.583450 -0.407708 0.652915  -0.543511 0.000042 0.756800  -0.543528 0.026699 0.553289  -0.603716 0.055584 0.255380  -0.634427 0.050305 0.055411  -0.588612 -0.140010 0.738759  -0.573755 -0.120997 0.535553  -0.618675 -0.189528 0.242289  -0.643541 -0.171549 0.042380  
-0.500345 -0.029453 1.408054  -0.557437 -0.068918 1.213144  -0.579704 0.088141 1.184369  -0.603738 0.192447 0.988079  -0.549947 0.222257 0.636326  -0.607440 -0.203608 1.140784  -0.607715 -0.294840 0.934482  -0.585250 -0.400952 0.647086  -0.542931 -0.003044 0.758655  -0.548691 0.024939 0.555399  -0.599174 0.056161 0.255803  -0.632519 0.050558 0.056269  -0.590936 -0.142073 0.740061  -0.575467 -0.123370 0.537391  -0.624236 -0.187219 0.243858  -0.648392 -0.173990 0.043531  
-0.496001 -0.028342 1.405701  -0.552298 -0.068257 1.210005  -0.580514 0.088801 1.184832  -0.604539 0.197461 0.991629  -0.550117 0.224011 0.639712  -0.606114 -0.202111 1.137847  -0.604046 -0.295496 0.932465  -0.579397 -0.404038 0.646153  -0.546893 0.003918 0.756809  -0.547042 0.030923 0.553511  -0.602628 0.055188 0.253839  -0.636293 0.046599 0.054414  -0.577231 -0.140651 0.738074  -0.571744 -0.117648 0.534538  -0.627359 -0.188115 0.243284  -0.649115 -0.175754 0.042556  
-0.500528 -0.028466 1.406562  -0.554459 -0.063364 1.209315  -0.582734 0.092293 1.181164  -0.613855 0.199006 0.989302  -0.549687 0.224650 0.638963  -0.596887 -0.199915 1.137687  -0.604309 -0.297263 0.934669  -0.582026 -0.400454 0.646199  -0.547306 0.002471 0.754351  -0.546641 0.026852 0.551066  -0.607351 0.055064 0.252910  -0.633894 0.055750 0.052257  -0.581565 -0.141889 0.737094  -0.574786 -0.121141 0.533390  -0.622103 -0.188148 0.239880  -0.649407 -0.171261 0.040164  
-0.505384 -0.022876 1.401203  -0.559119 -0.066799 1.206017  -0.586838 0.089495 1.178819  -0.612844 0.196152 0.985067  -0.550035 0.220569 0.634395  -0.599100 -0.202821 1.133283  -0.603423 -0.302994 0.931346  -0.583698 -0.396483 0.639402  -0.552576 0.000599 0.751469  -0.547358 0.026547 0.547881  -0.602753 0.056135 0.248968  -0.640004 0.048191 0.050203  -0.578269 -0.143791 0.732616  -0.578200 -0.121127 0.529400  -0.624082 -0.190108 0.236247  -0.651273 -0.172473 0.036600  
-0.497779 -0.017831 1.404079  -0.552479 -0.062434 1.209004  -0.584843 0.093584 1.181614  -0.612732 0.195965 0.985589  -0.552646 0.221675 0.634532  -0.598546 -0.198603 1.137380  -0.604699 -0.294960 0.933645  -0.583433 -0.400584 0.645977  -0.549308 0.003416 0.755022  -0.548745 0.029962 0.552650  -0.603968 0.059222 0.253876  -0.629783 0.052752 0.053284  -0.575046 -0.141268 0.736414  -0.576345 -0.118553 0.532562  -0.625191 -0.193676 0.240976  -0.647895 -0.170598 0.041256  
-0.499211 -0.030311 1.406409  -0.551451 -0.063442 1.208162  -0.592651 0.092695 1.181219  -0.614170 0.193673 0.983733  -0.548458 0.218170 0.633598  -0.600715 -0.199624 1.137343  -0.602935 -0.299948 0.935126  -0.581354 -0.404451 0.647071  -0.548812 0.002688 0.754487  -0.547099 0.027507 0.549702  -0.605364 0.059062 0.251050  -0.630704 0.049953 0.050393  -0.573569 -0.142350 0.737069  -0.576354 -0.120770 0.533996  -0.617982 -0.191907 0.240926  -0.647074 -0.176501 0.041394  
-0.500921 -0.025930 1.407050  -0.553018 -0.061407 1.210027  -0.585242 0.095525 1.181613  -0.611239 0.198745 0.987500  -0.548471 0.216808 0.636436  -0.609967 -0.196307 1.140023  -0.602767 -0.297027 0.939657  -0.581518 -0.399235 0.650760  -0.548722 0.002433 0.756238  -0.546375 0.028438 0.552956  -0.604876 0.055378 0.254331  -0.631333 0.052866 0.053694  -0.588201 -0.139895 0.738533  -0.578186 -0.119242 0.534852  -0.619174 -0.194060 0.242313  -0.644050 -0.173221 0.042657  
-0.500056 -0.024159 1.405858  -0.549866 -0.060961 1.207687  -0.583894 0.094463 1.179730  -0.611396 0.197800 0.986052  -0.551432 0.220299 0.635935  -0.599095 -0.197536 1.138412  -0.607308 -0.301429 0.938023  -0.575771 -0.399338 0.648572  -0.547710 0.002521 0.753655  -0.551232 0.025985 0.549869  -0.604823 0.057331 0.250607  -0.635607 0.049989 0.050686  -0.577877 -0.141858 0.737630  -0.579033 -0.122547 0.534348  -0.626285 -0.195289 0.242530  -0.646164 -0.172256 0.042602  
-0.497614 -0.023298 1.406556  -0.553578 -0.055671 1.209082  -0.587946 0.099291 1.180180  -0.605199 0.201217 0.984569  -0.547812 0.215332 0.632945  -0.600379 -0.192940 1.140028  -0.600822 -0.300655 0.941440  -0.579754 -0.400276 0.651613  -0.549542 0.005095 0.754026  -0.547411 0.027083 0.549511  -0.600986 0.056312 0.249923  -0.638860 0.050142 0.051139  -0.576347 -0.140087 0.738716  -0.573337 -0.122019 0.535062  -0.624951 -0.192466 0.243439  -0.649026 -0.175983 0.043301  
-0.498285 -0.022430 1.404790  -0.548611 -0.058751 1.207574  -0.581769 0.095959 1.180987  -0.607014 0.202930 0.989090  -0.550529 0.222192 0.638588  -0.596905 -0.195809 1.138360  -0.604239 -0.302260 0.940247  -0.573707 -0.396066 0.649338  -0.544541 0.005355 0.753504  -0.549760 0.028122 0.549310  -0.603411 0.060220 0.249930  -0.639905 0.044192 0.051449  -0.570700 -0.140361 0.738080  -0.573370 -0.121200 0.534554  -0.620156 -0.188061 0.241147  -0.646791 -0.174694 0.041110  
-0.497852 -0.014421 1.402599  -0.552533 -0.059946 1.208639  -0.579414 0.095623 1.180430  -0.609635 0.199672 0.985984  -0.552615 0.213167 0.633530  -0.595424 -0.196754 1.138281  -0.602906 -0.302615 0.938933  -0.571434 -0.392742 0.646959  -0.543962 0.004810 0.754354  -0.547714 0.028674 0.550208  -0.603758 0.059412 0.251681  -0.637237 0.047788 0.052393  -0.584413 -0.137129 0.737970  -0.573332 -0.120205 0.535151  -0.612095 -0.194689 0.242986  -0.638864 -0.169748 0.044131  
-0.499182 -0.024553 1.406849  -0.551581 -0.059494 1.208859  -0.582516 0.096597 1.179609  -0.613575 0.209619 0.989381  -0.551105 0.219409 0.637935  -0.600997 -0.195920 1.139820  -0.601031 -0.295706 0.937012  -0.575145 -0.388930 0.645440  -0.549885 0.001641 0.753905  -0.548370 0.023452 0.549028  -0.602885 0.056508 0.249906  -0.636179 0.044976 0.050550  -0.580237 -0.142717 0.738780  -0.576355 -0.125392 0.535354  -0.621050 -0.192834 0.241978  -0.647758 -0.169373 0.042908  
-0.501310 -0.024572 1.407705  -0.552754 -0.058940 1.209786  -0.582836 0.096174 1.179903  -0.611043 0.206939 0.990522  -0.545998 0.219952 0.640605  -0.599913 -0.196223 1.139833  -0.602577 -0.300212 0.939742  -0.569212 -0.391528 0.648349  -0.542374 0.000324 0.754459  -0.547930 0.026717 0.551701  -0.603821 0.058176 0.253094  -0.631733 0.052102 0.052742  -0.587662 -0.141321 0.737983  -0.577556 -0.121610 0.533895  -0.623198 -0.191161 0.240665  -0.652155 -0.168620 0.041732  
-0.501135 -0.020220 1.403206  -0.555805 -0.063222 1.208749  -0.579441 0.091535 1.178325  -0.604763 0.203408 0.989214  -0.551342 0.207443 0.638559  -0.596877 -0.200819 1.138777  -0.601916 -0.295982 0.937305  -0.570494 -0.390330 0.646667  -0.539163 -0.006052 0.753430  -0.548837 0.021455 0.550567  -0.602494 0.053773 0.251730  -0.630283 0.045791 0.051420  -0.591943 -0.143790 0.736915  -0.579803 -0.126582 0.533281  -0.621406 -0.191365 0.238525  -0.648685 -0.172650 0.038969  
-0.501970 -0.022769 1.406329  -0.552443 -0.068877 1.210502  -0.579211 0.087899 1.183598  -0.599778 0.203140 0.993074  -0.552171 0.210258 0.639244  -0.601816 -0.203431 1.138865  -0.602667 -0.296635 0.932943  -0.564436 -0.392105 0.643457  -0.538573 0.000526 0.757279  -0.542607 0.024783 0.553061  -0.602625 0.054967 0.254687  -0.635217 0.053729 0.054885  -0.581865 -0.141072 0.740948  -0.573375 -0.122813 0.537998  -0.617952 -0.192874 0.245271  -0.640406 -0.176071 0.045019  
-0.501227 -0.022249 1.407026  -0.548195 -0.063461 1.209793  -0.583180 0.092019 1.183065  -0.600965 0.199425 0.989179  -0.549862 0.216612 0.636184  -0.596813 -0.200114 1.139974  -0.603564 -0.300806 0.937864  -0.567052 -0.390362 0.646298  -0.545450 0.003302 0.756425  -0.547362 0.026485 0.553266  -0.599922 0.056600 0.253866  -0.634605 0.050420 0.054571  -0.586469 -0.142409 0.740232  -0.572386 -0.122085 0.536737  -0.621067 -0.187822 0.243249  -0.642513 -0.169324 0.042976  
-0.499779 -0.027583 1.406246  -0.547215 -0.064093 1.208265  -0.574842 0.092344 1.179955  -0.604148 0.194307 0.984163  -0.548461 0.215564 0.636211  -0.598936 -0.199519 1.137925  -0.602962 -0.299992 0.936338  -0.560997 -0.379834 0.642699  -0.538294 0.000440 0.754018  -0.545447 0.026171 0.550714  -0.603552 0.055210 0.252080  -0.632680 0.050048 0.051845  -0.578647 -0.141708 0.737208  -0.572461 -0.122423 0.533772  -0.623312 -0.193123 0.241991  -0.648464 -0.169629 0.042701  
-0.503